DATE 2017:044:07:18:20 obsn 707 az 120 el 45 freq_MHz  1420.4000 Tsys 171.000 Tant 26.746 vlsr  -26.63 glat 69.705 glon 305.483 source 
Fstart 1419.397 fstop 1421.403 spacing 0.009375 bw    2.400 fbw    2.000 MHz nfreq 256 nsam 5242880 npoint 214 integ   673 sigma    0.136 bsw 1
Spectrum    616 integration periods
   1.547    1.456    1.771    1.019    1.541    1.444    1.411    0.983    1.731    1.467    1.282    1.502    1.273    0.922    1.049    1.346    0.957    1.521    1.752    1.570    1.403    1.893    1.719    1.581    1.774    2.079    2.069    1.893    1.801    2.237    1.997    2.021    2.417    2.183    2.294    2.289    2.361    2.120    2.447    2.416    2.506    1.973    2.281    2.061    2.032    2.173    1.970    2.169    1.717    1.861    1.367    1.850    1.855    1.712    1.793    1.602    1.143    1.774    1.395    1.399    1.397    1.649    0.790    1.437    1.248    1.321    1.030    0.788    0.608    0.573   -6.345   -0.688    0.496    0.627    0.360    0.210    0.532    0.655    0.530    0.424    0.302    0.479    0.529    0.468    0.064    0.255    0.714    0.537    0.624    0.836    1.050    1.051    1.015    1.153    1.100    1.393    0.773    0.985    1.466    1.139    1.598    1.360    1.481    1.297    1.567    1.039    1.389    1.210    1.349    0.854    1.053    1.367    1.469    0.903    1.018    0.710    0.893    0.514   -0.286    0.021    0.127    0.173    0.608    1.300    1.628    1.216    0.828    1.084    0.892    0.570    0.690    0.304    0.589    0.859    0.736    0.970    0.781    1.102    1.022    0.495    1.223    1.087    0.934    0.608    1.039    0.969    0.712    0.567    0.732    0.462    0.743    0.816    0.224    0.592    0.480    0.633    0.519    0.456    0.291    0.522    0.099    0.384    0.222    0.605    0.790    0.194    0.767    0.267    0.498    0.172    0.623    0.638    0.589    0.021    0.507    0.523    0.564    0.492    0.463    0.274   -0.103    0.278   -0.013    0.130    0.182    0.039    0.113    0.209    0.282    0.402    0.227    0.632    0.322    0.625    0.219    0.485    0.680    0.573    0.591    0.681    0.684    0.763    0.896    0.324    0.845    9.496    8.825    0.649    0.789    0.925    0.511    0.187    0.446    0.485 
DATE 2017:044:07:18:33 obsn 708 az 120 el 45 freq_MHz  1420.4000 Tsys 171.000 Tant 26.824 vlsr  -26.66 glat 69.703 glon 305.638 source 
Fstart 1419.397 fstop 1421.403 spacing 0.009375 bw    2.400 fbw    2.000 MHz nfreq 256 nsam 5242880 npoint 214 integ   684 sigma    0.135 bsw 1
Spectrum    626 integration periods
   1.565    1.418    1.769    1.018    1.552    1.431    1.429    0.990    1.727    1.494    1.308    1.517    1.284    0.970    1.072    1.348    0.977    1.531    1.777    1.585    1.378    1.869    1.719    1.558    1.780    2.081    2.047    1.866    1.789    2.230    1.999    2.007    2.435    2.170    2.279    2.296    2.370    2.093    2.432    2.411    2.489    1.980    2.292    2.068    2.022    2.166    2.017    2.204    1.793    1.873    1.398    1.858    1.892    1.715    1.788    1.632    1.170    1.762    1.424    1.478    1.440    1.725    0.826    1.480    1.289    1.380    1.108    0.849    0.700    1.057   -6.078   -0.528    0.562    0.691    0.425    0.304    0.636    0.697    0.587    0.474    0.339    0.531    0.583    0.545    0.119    0.340    0.749    0.581    0.692    0.853    1.068    1.115    1.038    1.201    1.152    1.430    0.814    1.036    1.537    1.262    1.650    1.428    1.496    1.364    1.634    1.116    1.463    1.238    1.389    0.924    1.145    1.430    1.570    1.013    1.144    0.846    1.005    0.647   -0.133    0.188    0.339    0.413    0.848    1.543    1.839    1.334    0.900    1.087    0.879    0.585    0.710    0.376    0.679    0.954    0.853    1.056    0.876    1.201    1.128    0.597    1.327    1.188    1.055    0.715    1.128    1.039    0.802    0.661    0.839    0.585    0.822    0.893    0.357    0.657    0.579    0.786    0.664    0.555    0.402    0.660    0.236    0.497    0.303    0.731    0.884    0.307    0.844    0.381    0.621    0.292    0.735    0.748    0.703    0.147    0.638    0.661    0.692    0.547    0.525    0.380    0.038    0.386    0.093    0.190    0.286    0.117    0.234    0.290    0.374    0.502    0.314    0.737    0.406    0.679    0.299    0.565    0.729    0.649    0.659    0.759    0.810    0.831    0.937    0.425    0.901    9.677    8.960    0.703    0.888    0.984    0.587    0.262    0.514    0.557 
DATE 2017:044:07:18:46 obsn 709 az 120 el 45 freq_MHz  1420.4000 Tsys 171.000 Tant 26.840 vlsr  -26.69 glat 69.700 glon 305.793 source 
Fstart 1419.397 fstop 1421.403 spacing 0.009375 bw    2.400 fbw    2.000 MHz nfreq 256 nsam 5242880 npoint 214 integ   695 sigma    0.134 bsw 1
Spectrum    636 integration periods
   1.583    1.427    1.742    1.039    1.557    1.445    1.467    1.016    1.722    1.493    1.318    1.525    1.284    0.965    1.094    1.345    1.030    1.521    1.778    1.641    1.395    1.837    1.712    1.563    1.764    2.045    2.042    1.899    1.817    2.231    1.991    1.987    2.445    2.141    2.296    2.318    2.358    2.110    2.423    2.412    2.525    1.987    2.252    2.051    2.021    2.179    1.990    2.189    1.803    1.893    1.403    1.862    1.890    1.755    1.792    1.639    1.187    1.765    1.450    1.519    1.474    1.773    0.867    1.579    1.348    1.444    1.179    0.891    0.784    1.496   -6.126   -0.366    0.637    0.738    0.504    0.366    0.741    0.745    0.623    0.525    0.419    0.620    0.648    0.595    0.130    0.384    0.807    0.656    0.751    0.894    1.098    1.173    1.077    1.219    1.203    1.488    0.866    1.080    1.570    1.331    1.736    1.487    1.558    1.424    1.689    1.155    1.520    1.308    1.461    0.963    1.205    1.511    1.642    1.075    1.200    0.965    1.069    0.779   -0.012    0.339    0.539    0.620    1.089    1.792    2.039    1.455    0.987    1.116    0.895    0.611    0.726    0.447    0.774    1.050    0.981    1.143    0.987    1.308    1.196    0.675    1.405    1.275    1.150    0.811    1.239    1.142    0.909    0.760    0.971    0.682    0.906    1.007    0.483    0.763    0.693    0.899    0.783    0.653    0.515    0.788    0.363    0.623    0.415    0.825    0.985    0.433    0.926    0.450    0.753    0.405    0.862    0.870    0.765    0.262    0.733    0.758    0.763    0.640    0.598    0.511    0.115    0.491    0.212    0.279    0.407    0.204    0.331    0.389    0.447    0.583    0.383    0.802    0.449    0.751    0.340    0.625    0.815    0.751    0.777    0.803    0.884    0.888    0.994    0.484    0.994    9.851    9.082    0.769    0.959    1.046    0.645    0.369    0.565    0.633 
DATE 2017:044:07:18:59 obsn 710 az 120 el 45 freq_MHz  1420.4000 Tsys 171.000 Tant 26.481 vlsr  -26.73 glat 69.698 glon 305.949 source 
Fstart 1419.397 fstop 1421.403 spacing 0.009375 bw    2.400 fbw    2.000 MHz nfreq 256 nsam 5242880 npoint 214 integ   706 sigma    0.133 bsw 1
Spectrum    646 integration periods
   1.578    1.438    1.756    1.042    1.522    1.444    1.447    1.010    1.726    1.490    1.365    1.543    1.308    0.959    1.074    1.345    1.014    1.507    1.757    1.651    1.392    1.838    1.689    1.544    1.725    2.067    2.076    1.907    1.860    2.217    2.003    1.994    2.460    2.149    2.301    2.306    2.340    2.102    2.409    2.392    2.500    2.003    2.246    2.062    2.037    2.187    2.041    2.189    1.813    1.896    1.446    1.882    1.901    1.791    1.862    1.681    1.217    1.781    1.490    1.537    1.508    1.788    0.921    1.643    1.409    1.484    1.256    0.953    0.881    1.888   -5.835   -0.220    0.679    0.817    0.567    0.384    0.753    0.810    0.660    0.589    0.482    0.668    0.673    0.644    0.176    0.447    0.844    0.736    0.788    0.903    1.116    1.229    1.104    1.255    1.245    1.513    0.896    1.129    1.616    1.364    1.777    1.528    1.623    1.451    1.724    1.241    1.566    1.337    1.531    1.058    1.275    1.536    1.686    1.137    1.255    1.061    1.140    0.857    0.108    0.494    0.758    0.828    1.358    2.018    2.238    1.550    1.031    1.142    0.875    0.588    0.771    0.511    0.858    1.141    1.059    1.232    1.094    1.381    1.311    0.780    1.488    1.350    1.224    0.918    1.323    1.250    1.008    0.864    1.070    0.793    0.982    1.112    0.579    0.863    0.826    0.922    0.858    0.742    0.615    0.896    0.502    0.730    0.519    0.906    1.092    0.534    1.048    0.540    0.851    0.517    0.950    0.955    0.860    0.370    0.793    0.862    0.870    0.739    0.679    0.604    0.208    0.565    0.280    0.387    0.483    0.297    0.378    0.446    0.538    0.657    0.417    0.879    0.492    0.813    0.407    0.703    0.856    0.819    0.851    0.899    0.958    0.968    1.080    0.569    1.071   10.000    9.210    0.824    1.058    1.112    0.713    0.449    0.629    0.723 
DATE 2017:044:07:19:12 obsn 711 az 120 el 45 freq_MHz  1420.4000 Tsys 171.000 Tant 26.675 vlsr  -26.76 glat 69.695 glon 306.104 source 
Fstart 1419.397 fstop 1421.403 spacing 0.009375 bw    2.400 fbw    2.000 MHz nfreq 256 nsam 5242880 npoint 214 integ   717 sigma    0.132 bsw 1
Spectrum    656 integration periods
   1.597    1.423    1.768    1.035    1.534    1.446    1.449    1.034    1.713    1.481    1.360    1.564    1.316    0.956    1.090    1.361    1.048    1.536    1.761    1.681    1.429    1.844    1.682    1.571    1.695    2.048    2.080    1.876    1.840    2.249    1.968    2.009    2.478    2.162    2.303    2.304    2.304    2.142    2.416    2.403    2.467    2.028    2.255    2.067    2.033    2.206    2.065    2.184    1.860    1.897    1.487    1.885    1.916    1.796    1.881    1.702    1.236    1.810    1.504    1.590    1.532    1.836    0.998    1.707    1.460    1.524    1.293    1.023    0.925    2.244   -5.666   -0.076    0.736    0.850    0.620    0.457    0.824    0.879    0.679    0.651    0.490    0.712    0.720    0.671    0.224    0.473    0.891    0.791    0.817    0.993    1.155    1.263    1.157    1.275    1.285    1.548    0.933    1.163    1.627    1.419    1.793    1.586    1.682    1.519    1.772    1.316    1.595    1.371    1.564    1.122    1.332    1.587    1.703    1.169    1.311    1.130    1.194    0.942    0.227    0.636    0.925    1.006    1.541    2.229    2.418    1.680    1.099    1.153    0.837    0.582    0.757    0.548    0.934    1.236    1.109    1.310    1.164    1.434    1.392    0.871    1.529    1.444    1.299    0.977    1.415    1.334    1.094    0.974    1.164    0.915    1.075    1.228    0.680    0.949    0.898    1.007    0.966    0.818    0.744    0.968    0.592    0.831    0.605    1.012    1.152    0.643    1.141    0.625    0.947    0.590    1.053    1.044    0.946    0.453    0.861    0.961    0.955    0.797    0.725    0.683    0.299    0.628    0.394    0.459    0.571    0.367    0.449    0.519    0.637    0.730    0.507    0.953    0.569    0.890    0.496    0.792    0.888    0.905    0.933    0.970    1.031    1.049    1.129    0.625    1.138   10.112    9.348    0.864    1.115    1.142    0.784    0.531    0.682    0.803 
DATE 2017:044:07:19:25 obsn 712 az 120 el 45 freq_MHz  1420.4000 Tsys 171.000 Tant 26.258 vlsr  -26.79 glat 69.692 glon 306.259 source 
Fstart 1419.397 fstop 1421.403 spacing 0.009375 bw    2.400 fbw    2.000 MHz nfreq 256 nsam 5242880 npoint 214 integ   727 sigma    0.131 bsw 1
Spectrum    666 integration periods
   1.583    1.422    1.778    1.059    1.528    1.454    1.447    1.027    1.713    1.486    1.379    1.562    1.317    0.936    1.135    1.374    1.038    1.560    1.754    1.670    1.448    1.857    1.664    1.595    1.687    2.033    2.098    1.880    1.846    2.239    1.976    2.019    2.517    2.156    2.304    2.293    2.319    2.163    2.441    2.398    2.468    2.022    2.246    2.128    2.066    2.225    2.071    2.225    1.888    1.907    1.528    1.929    1.950    1.827    1.933    1.729    1.303    1.841    1.552    1.641    1.581    1.869    1.053    1.742    1.521    1.588    1.327    1.068    1.033    2.557   -5.622    0.029    0.804    0.922    0.688    0.516    0.910    0.910    0.727    0.698    0.541    0.765    0.750    0.704    0.276    0.521    0.941    0.842    0.895    1.058    1.174    1.294    1.171    1.312    1.314    1.571    0.963    1.218    1.674    1.502    1.841    1.642    1.715    1.563    1.815    1.360    1.654    1.413    1.582    1.194    1.394    1.634    1.758    1.231    1.356    1.185    1.293    1.025    0.343    0.777    1.092    1.213    1.734    2.419    2.579    1.787    1.148    1.162    0.833    0.582    0.799    0.616    0.981    1.304    1.221    1.375    1.222    1.517    1.485    0.963    1.578    1.512    1.337    1.047    1.501    1.392    1.177    1.060    1.274    0.977    1.156    1.332    0.756    1.001    1.002    1.109    1.039    0.909    0.843    1.051    0.652    0.909    0.676    1.073    1.206    0.749    1.215    0.710    1.045    0.696    1.150    1.146    1.049    0.544    0.926    1.039    1.049    0.856    0.812    0.768    0.376    0.698    0.458    0.544    0.676    0.447    0.535    0.566    0.697    0.780    0.591    1.013    0.655    0.949    0.554    0.869    0.936    0.961    0.974    1.066    1.101    1.120    1.158    0.716    1.204   10.237    9.443    0.937    1.192    1.215    0.821    0.617    0.754    0.858 
DATE 2017:044:07:19:39 obsn 713 az 120 el 45 freq_MHz  1420.4000 Tsys 171.000 Tant 26.363 vlsr  -26.82 glat 69.690 glon 306.414 source 
Fstart 1419.397 fstop 1421.403 spacing 0.009375 bw    2.400 fbw    2.000 MHz nfreq 256 nsam 5242880 npoint 214 integ   738 sigma    0.130 bsw 1
Spectrum    676 integration periods
   1.581    1.415    1.763    1.081    1.517    1.445    1.446    1.038    1.690    1.489    1.361    1.577    1.335    0.949    1.146    1.382    1.075    1.575    1.709    1.689    1.460    1.876    1.676    1.601    1.709    2.027    2.105    1.895    1.875    2.254    1.987    2.032    2.543    2.160    2.329    2.289    2.305    2.194    2.438    2.408    2.491    2.046    2.264    2.170    2.068    2.210    2.060    2.258    1.908    1.940    1.536    1.944    1.985    1.892    1.973    1.732    1.338    1.897    1.583    1.680    1.619    1.911    1.106    1.790    1.573    1.643    1.349    1.088    1.096    2.912   -5.474    0.175    0.867    0.982    0.751    0.580    0.948    0.962    0.776    0.704    0.586    0.806    0.800    0.734    0.293    0.566    0.985    0.868    0.943    1.098    1.193    1.317    1.259    1.349    1.339    1.603    0.999    1.296    1.727    1.558    1.867    1.696    1.751    1.596    1.842    1.415    1.716    1.460    1.624    1.241    1.470    1.675    1.793    1.285    1.423    1.273    1.343    1.115    0.458    0.924    1.261    1.365    1.905    2.598    2.735    1.896    1.215    1.167    0.829    0.595    0.798    0.684    1.040    1.396    1.278    1.412    1.294    1.565    1.543    1.025    1.677    1.586    1.419    1.106    1.584    1.459    1.305    1.136    1.354    1.049    1.213    1.404    0.861    1.079    1.089    1.202    1.125    1.004    0.907    1.110    0.726    0.981    0.765    1.145    1.300    0.840    1.264    0.793    1.104    0.752    1.228    1.220    1.100    0.643    0.998    1.118    1.154    0.938    0.891    0.869    0.430    0.759    0.540    0.624    0.739    0.558    0.583    0.664    0.764    0.816    0.652    1.040    0.723    0.993    0.633    0.933    1.036    1.058    1.019    1.137    1.144    1.168    1.190    0.782    1.282   10.373    9.578    1.000    1.242    1.282    0.899    0.671    0.817    0.918 
DATE 2017:044:07:19:52 obsn 714 az 120 el 45 freq_MHz  1420.4000 Tsys 171.000 Tant 26.850 vlsr  -26.85 glat 69.687 glon 306.569 source 
Fstart 1419.397 fstop 1421.403 spacing 0.009375 bw    2.400 fbw    2.000 MHz nfreq 256 nsam 5242880 npoint 214 integ   749 sigma    0.129 bsw 1
Spectrum    686 integration periods
   1.573    1.423    1.751    1.088    1.512    1.459    1.457    1.040    1.687    1.491    1.349    1.566    1.332    0.933    1.155    1.398    1.129    1.546    1.701    1.675    1.495    1.880    1.688    1.595    1.713    2.024    2.072    1.903    1.882    2.262    2.030    2.068    2.562    2.136    2.323    2.289    2.313    2.191    2.444    2.415    2.514    2.076    2.292    2.189    2.083    2.220    2.067    2.291    1.937    1.950    1.566    1.950    2.003    1.923    2.014    1.762    1.380    1.936    1.604    1.711    1.660    1.948    1.148    1.857    1.581    1.651    1.375    1.140    1.140    3.221   -5.399    0.300    0.920    1.023    0.801    0.636    1.009    0.990    0.813    0.731    0.619    0.853    0.865    0.793    0.345    0.608    1.021    0.887    0.992    1.109    1.239    1.376    1.297    1.384    1.394    1.635    1.044    1.348    1.772    1.587    1.915    1.770    1.787    1.657    1.917    1.463    1.739    1.479    1.656    1.300    1.535    1.732    1.831    1.332    1.497    1.350    1.429    1.207    0.581    1.067    1.398    1.542    2.110    2.777    2.882    1.968    1.285    1.198    0.801    0.598    0.809    0.742    1.128    1.445    1.350    1.470    1.363    1.636    1.640    1.110    1.752    1.649    1.490    1.171    1.619    1.515    1.388    1.213    1.426    1.097    1.267    1.451    0.926    1.161    1.189    1.272    1.202    1.083    0.970    1.175    0.805    1.052    0.838    1.208    1.379    0.925    1.327    0.847    1.173    0.833    1.302    1.308    1.181    0.707    1.075    1.180    1.209    1.014    0.964    0.946    0.483    0.821    0.604    0.675    0.783    0.644    0.645    0.722    0.835    0.876    0.720    1.091    0.818    1.049    0.684    1.012    1.093    1.109    1.084    1.183    1.187    1.212    1.292    0.841    1.331   10.470    9.679    1.042    1.289    1.339    0.959    0.709    0.869    0.947 
