freq vel_sub vel Tant_raw Tant_corr
1421.393875 -208.35708 -165.02708 142.222 -0.07752852860951975
1421.3845 -206.38112 -163.05112 142.342 0.07452454052759094
1421.375125 -204.40513 -161.07513 142.213 -0.02267583406106155
1421.36575 -202.42912 -159.09912 141.675 -0.5291298229435881
1421.3563749999998 -200.45308 -157.12308 141.416 -0.7568372761134015
1421.347 -198.47701 -155.14701 141.899 -0.24279820513649497
1421.337625 -196.50092 -153.17092 142.076 -0.035012776726233596
1421.32825 -194.5248 -151.1948 143.913 1.8325191552683862
1421.318875 -192.54866 -149.21866 143.935 1.88479742670404
1421.3094999999998 -190.57249 -147.24249 141.859 -0.16117781883883708
1421.300125 -188.59629 -145.26629 142.502 0.5115934070728656
1421.29075 -186.62007 -143.29007 141.748 -0.2128890558488763
1421.281375 -184.64382 -141.31382 141.633 -0.2986250678797262
1421.272 -182.66755 -139.33755 141.209 -0.6936147867375269
1421.2626249999998 -180.69125 -137.36125 141.694 -0.17985807526869735
1421.25325 -178.71492 -135.38492 141.748 -0.09735494504081998
1421.243875 -176.73857 -133.40857 141.789 -0.028105549916261907
1421.2345 -174.76219 -131.43219 141.413 -0.37610975659771384
1421.225125 -172.78578 -129.45578 141.788 0.026632423346654832
1421.2157499999998 -170.80935 -127.47935 141.049 -0.684879160089821
1421.206375 -168.8329 -125.5029 141.496 -0.21064451461936073
1421.197 -166.85641 -123.52641 141.88 0.20033662378097006
1421.187625 -164.8799 -121.5499 141.497 -0.15593602947819818
1421.17825 -162.90337 -119.57337 142.048 0.4215375178905276
1421.1688749999998 -160.92681 -117.59681 141.084 -0.5162426098140998
1421.1595 -158.95022 -115.62022 141.359 -0.21527642416126014
1421.150125 -156.97361 -113.64361 142.01 0.4614359338393683
1421.14075 -154.99697 -111.66697 141.917 0.39389458462972016
1421.131375 -153.0203 -109.6903 141.045 -0.45290048335982647
1421.1219999999998 -151.04361 -107.71361 141.649 0.17605059271718915
1421.112625 -149.06689 -105.73689 141.524 0.07574792944566866
1421.10325 -147.09015 -103.76015 141.624 0.20019139224297078
1421.093875 -145.11338 -101.78338 141.229 -0.1706189048773581
1421.0845 -143.13659 -99.80659 141.521 0.14531690607287828
1421.0751249999998 -141.15976 -97.82976 141.136 -0.21600094430834815
1421.06575 -139.18292 -95.85292 141.11 -0.21857282505908415
1421.056375 -137.20604 -93.87604 141.071 -0.23439839028281995
1421.047 -135.22914 -91.89914 140.339 -0.9434778860050983
1421.037625 -133.25222 -89.92222 141.485 0.22518868005994364
1421.0282499999998 -131.27526 -87.94526 141.578 0.3406015256529713
1421.018875 -129.29828 -85.96828 141.494 0.2787604124620202
1421.0095 -127.32128 -83.99128 140.979 -0.21433466722729122
1421.000125 -125.34425 -82.01425 140.919 -0.2526836122592897
1420.99075 -123.36719 -80.03719 141.589 0.43871356579410303
1420.9813749999998 -121.39011 -78.06011 141.895 0.7658567490623227
1420.972 -119.413 -76.083 141.013 -0.09525396515670081
1420.962625 -117.43587 -74.10587 140.804 -0.2836186921622641
1420.95325 -115.45871 -72.12871 141.264 0.1967626627717891
1420.943875 -113.48152 -70.15152 141.414 0.36689008807272216
1420.9344999999998 -111.50431 -68.17431 141.049 0.021763472298488296
1420.925125 -109.52707 -66.19707 141.797 0.7893829063171438
1420.91575 -107.5498 -64.2198 142.145 1.1567483785556192
1420.906375 -105.57251 -62.24251 142.029 1.0598597814290258
1420.897 -103.59519 -60.26519 142.203 1.252717201947405
1420.8876249999998 -101.61785 -58.28785 142.646 1.714320535097471
1420.87825 -99.64048 -56.31048 143.573 2.65966986531717
1420.868875 -97.66308 -54.33308 143.677 2.7817651810325117
1420.8595 -95.68566 -52.35566 144.685 3.807606381087936
1420.850125 -93.70821 -50.37821 146.162 5.302193546062853
1420.8407499999998 -91.73074 -48.40074 148.299 7.456526577373381
1420.831375 -89.75324 -46.42324 148.08 7.254605553026693
1420.822 -87.77571 -44.44571 149.658 8.849430461448122
1420.812625 -85.79816 -42.46816 149.661 8.869001207911651
1420.80325 -83.82058 -40.49058 149.831 9.055317866565758
1420.7938749999998 -81.84298 -38.51298 149.905 9.145380345256342
1420.7845 -79.86535 -36.53535 150.298 9.554188715559462
1420.775125 -77.88769 -34.55769 150.179 9.450742965899678
1420.76575 -75.91001 -32.58001 150.136 9.423043007980965
1420.756375 -73.9323 -30.6023 149.936 9.238088909520457
1420.7469999999998 -71.95456 -28.62456 149.748 9.064880658942286
1420.737625 -69.9768 -26.6468 150.298 9.629418171808624
1420.72825 -67.99901 -24.66901 150.305 9.650701511977559
1420.718875 -66.0212 -22.6912 150.259 9.618730597583465
1420.7095 -64.04336 -20.71336 150.973 10.346505489911777
1420.7001249999998 -62.0655 -18.7355 152.705 12.092026109669064
1420.69075 -60.0876 -16.7576 153.341 12.741292581998295
1420.681375 -58.10969 -14.77969 156.716 16.129304696031483
1420.672 -56.13174 -12.80174 166.435 25.861062639482554
1420.662625 -54.15377 -10.82377 182.055 41.493566271772636
1420.6532499999998 -52.17578 -8.84578 189.088 48.53881558518344
1420.643875 -50.19775 -6.86775 186.707 46.16981069199363
1420.6345 -48.21971 -4.88971 182.507 41.98155140063008
1420.625125 -46.24163 -2.91163 178.327 37.81303787951035
1420.61575 -44.26353 -0.93353 178.5 37.997270000918775
1420.6063749999998 -42.2854 1.0446 182.07 41.578247811989286
1420.597 -40.30725 3.02275 183.02 42.53897124757739
1420.587625 -38.32907 5.00093 183.351 42.88044035224374
1420.57825 -36.35087 6.97913 183.855 43.39465506341662
1420.568875 -34.37264 8.95736 184.493 44.042615423083504
1420.5594999999998 -32.39438 10.93562 183.837 43.396321419665384
1420.550125 -30.4161 12.9139 180.234 39.80277299444984
1420.54075 -28.43779 14.89221 175.924 35.501970185564176
1420.531375 -26.45945 16.87055 171.49 31.076912981429018
1420.522 -24.48109 18.84891 166.903 26.49860132719121
1420.5126249999998 -22.5027 20.8273 163.954 23.55803525711798
1420.50325 -20.52429 22.80571 161.237 20.849214718929147
1420.493875 -18.54585 24.78415 158.884 18.504139744318337
1420.4845 -16.56738 26.76262 155.709 15.336810321705457
1420.475125 -14.58889 28.74111 153.726 13.361226402669928
1420.4657499999998 -12.61037 30.71963 152.255 11.897388015044982
1420.456375 -10.63183 32.69817 150.722 10.371295112983319
1420.447 -8.65326 34.67674 150.033 9.688947721744313
1420.437625 -6.67466 36.65534 149.299 8.96134582974716
1420.42825 -4.69604 38.63396 148.318 7.986489395004355
1420.4188749999998 -2.71739 40.61261 147.577 7.251378438914685
1420.4095 -0.73871 42.59129 147.098 6.778012949896777
1420.400125 1.23999 44.56999 146.845 6.53039288982319
1420.39075 3.21872 46.54872 146.218 5.9085182762318595
1420.381375 5.19747 48.52747 146.301 5.996389073568821
1420.3719999999998 7.17625 50.50625 145.562 5.262005296798009
1420.362625 9.15505 52.48505 145.131 4.83536691293898
1420.35325 11.13389 54.46389 144.668 4.376473954492894
1420.343875 13.11274 56.44274 144.33 4.042326349543401
1420.3345 15.09163 58.42163 144.614 4.32992414684179
1420.3251249999998 17.07054 60.40054 144.025 3.744267298443617
1420.31575 19.04947 62.37947 143.939 3.6613557966269354
1420.306375 21.02844 64.35844 143.769 3.4941896610225456
1420.297 23.00743 66.33743 144.03 3.757768851407434
1420.287625 24.98644 68.31644 143.473 3.2030933600593414
1420.2782499999998 26.96548 70.29548 143.604 3.3361631890711863
1420.268875 28.94455 72.27455 143.752 3.4859783268593105
1420.2595 30.92364 74.25364 143.445 3.1805387545988424
1420.250125 32.90276 76.23276 143.377 3.1138444705211157
1420.24075 34.88191 78.21191 143.373 3.110895463041942
1420.2313749999998 36.86108 80.19108 144.306 4.044691717197509
1420.222 38.84027 82.17027 143.518 3.2572332252647698
1420.212625 40.8195 84.1495 143.629 3.368519981131243
1420.20325 42.79875 86.12875 143.451 3.190551970314573
1420.193875 44.77802 88.10802 143.469 3.2083291850914577
1420.1844999999998 46.75733 90.08733 143.231 2.9698516116256712
1420.175125 48.73665 92.06665 143.699 3.437119247501414
1420.16575 50.71601 94.04601 142.719 2.456132071963964
1420.156375 52.69539 96.02539 143.368 3.103890083402547
1420.147 54.6748 98.0048 143.268 3.002393265887804
1420.1376249999998 56.65423 99.98423 143.22 2.952641617326833
1420.12825 58.63369 101.96369 143.455 3.1856351192154193
1420.118875 60.61317 103.94317 142.961 2.6893737720350828
1420.1095 62.59268 105.92268 143.216 2.9418575547066723
1420.100125 64.57222 107.90222 142.821 2.5440864556437646
1420.0907499999998 66.55178 109.88178 142.449 2.169060479189625
1420.081375 68.53137 111.86137 142.043 1.75977960040251
1420.072 70.51099 113.84099 142.973 2.686243807695604
1420.062625 72.49063 115.82063 143.727 0.7186665584950237
1420.05325 74.4703 117.8003 151.365 0.6548277583060073
1420.0438749999998 76.44999 119.77999 150.431 0.5956399377867879
1420.0345 78.42971 121.75971 142.677 0.540875595451728
1420.025125 80.40946 123.73946 143.131 0.4903066430096952
1420.01575 82.38923 125.71923 141.419 1.105675498778254
1420.006375 84.36903 127.69903 140.743 0.4243550809007388
1419.9969999999998 86.34886 129.67886 140.706 0.38177966412791875
1419.987625 88.32871 131.65871 142.06 0.3254752514242947
1419.97825 90.30858 133.63858 140.982 0.64586388168334
1419.968875 92.28849 135.61849 140.896 0.553523435224804
1419.9595 94.26842 137.59842 140.573 0.2239279800476197
1419.9501249999998 96.24837 139.57837 140.57 0.21407750842573137
1419.94075 98.22835 141.55835 141.098 0.7349719761025426
1419.931375 100.20836 143.53836 141.109 0.7386113714888154
1419.922 102.18839 145.51839 140.61 0.2319957221014306
1419.912625 104.16845 147.49845 140.952 0.5661249798201595
1419.9032499999998 106.14854 149.47854 140.553 0.1589991330554028
1419.893875 108.12865 151.45865 140.449 0.046618213186803814
1419.8845 110.10879 153.43879 140.226 -0.1850178317694997
1419.875125 112.08896 155.41896 139.954 -0.4659090134035466
1419.86575 114.06915 157.39915 140.575 0.1459447035271637
1419.8563749999998 116.04936 159.37936 140.353 -0.08545668870419831
1419.847 118.02961 161.35961 140.714 0.26588670335826237
1419.837625 120.00988 163.33988 140.741 0.2829749656530396
1419.82825 121.99017 165.32017 140.112 -0.35619190954707847
1419.818875 123.97049 167.30049 140.458 -0.020613983241617007
1419.8094999999998 125.95084 169.28084 140.102 -0.3872912670216806
1419.800125 127.93122 171.26122 139.973 -0.5272237724785782
1419.79075 129.91162 173.24162 140.079 -0.43241145406787496
1419.781375 131.89204 175.22204 140.66 0.137145680482746
1419.772 133.87249 177.20249 139.715 -0.8195524362664912
1419.7626249999998 135.85297 179.18297 140.15 -0.396505815907517
1419.75325 137.83348 181.16348 140.206 -0.3527144700324243
1419.743875 139.81401 183.14401 140.762 0.19082165334262413
1419.7345 141.79456 185.12456 140.286 -0.2978974535106431
1419.725125 143.77515 187.10515 140.032 -0.5648719306249177
1419.7157499999998 145.75576 189.08576 140.866 0.2558983414234035
1419.706375 147.73639 191.06639 140.568 -0.05558664509425171
1419.697 149.71705 193.04705 140.315 -0.3223269679230327
1419.687625 151.69774 195.02774 140.648 -0.003322638656015897
1419.67825 153.67846 197.00846 140.475 -0.1905736688866
1419.6688749999998 155.6592 198.9892 141.104 0.42392000367283345
1419.6595 157.63996 200.96996 141.117 0.42215837129310785
1419.650125 159.62075 202.95075 140.809 0.09914134978777156
1419.64075 161.60157 204.93157 141.375 0.6498689275628635
1419.631375 163.58242 206.91242 140.799 0.058341093024324664
1419.6219999999998 165.56329 208.89329 140.984 0.22755791490010324
1419.612625 167.54419 210.87419 141.006 0.2335193038501302
1419.60325 169.52511 212.85511 141.076 0.28722533117860394
1419.593875 171.50606 214.83606 140.262 -0.5433240950312381
1419.5845 173.48703 216.81703 141.334 0.5118710991011142
1419.5751249999998 175.46804 218.79804 140.959 0.11981073231828532
1419.56575 177.44906 220.77906 140.952 0.09549505331625596
1419.556375 179.43012 222.76012 140.893 0.018923790208617675
1419.547 181.4112 224.7412 140.465 -0.4269028912075328
1419.537625 183.3923 226.7223 141.33 0.4200150013374184
1419.5282499999998 185.37344 228.70344 141.097 0.1686772737015474
1419.518875 187.3546 230.6846 140.788 -0.15891590058802763
1419.5095 189.33578 232.66578 140.673 -0.2927645292620298
1419.500125 191.31699 234.64699 141.799 0.8141312828776393
1419.49075 193.29823 236.62823 141.679 0.674771524234643
1419.4813749999998 195.27949 238.60949 141.063 0.039156282860574265
1419.472 197.26078 240.59078 140.962 -0.08171454991230576
1419.462625 199.2421 242.5721 141.452 0.3881590143191431
1419.45325 201.22344 244.55344 140.927 -0.15722293252827058
1419.443875 203.20481 246.53481 140.661 -0.4438605029883149
1419.4344999999998 205.1862 248.5162 140.383 -0.7427536025672907
1419.425125 207.16762 250.49762 141.46 0.3130976536235437
1419.41575 209.14907 252.47907 140.897 -0.27130674601338
1419.406375 211.13054 254.46054 140.591 -0.5989667031188333
1419.397 213.11204 256.44204 141.315 0.10311766332958427
