freq Tant_corr
1421.393875 0.35780430900558713
1421.3845 0.5128741753005954
1421.375125 0.11680633665665141
1421.36575 -0.4433993130363376
1421.3563749999998 -1.3947426788434427
1421.347 -0.4882237670506697
1421.337625 0.058157318327005214
1421.32825 0.8974006701290023
1421.318875 0.3165061857372109
1421.3094999999998 -0.11052604340608241
1421.300125 0.8923039764126486
1421.29075 -0.05700385532944097
1421.281375 -0.5544494492858405
1421.272 -0.5120329045823837
1421.2626249999998 0.04424586673027875
1421.25325 -0.7446131416347725
1421.243875 0.23338997329190647
1421.2345 -0.08074470263611033
1421.225125 -0.39501717570604455
1421.2157499999998 0.906572459147128
1421.206375 -0.20597580226814216
1421.197 -0.4396617896425141
1421.187625 -0.21648568446306626
1421.17825 0.12755250907849813
1421.1688749999998 -0.39254712805504255
1421.1595 -0.03378460215145651
1421.150125 0.14583999674417214
1421.14075 0.5843267474984657
1421.131375 0.3966756438234711
1421.1219999999998 -0.04311340223023308
1421.112625 0.02695968610785826
1421.10325 1.871894822285583
1421.093875 0.502692081675832
1421.0845 0.05335137912385335
1421.0751249999998 0.8608728667726382
1421.06575 2.0892563038305525
1421.056375 1.9275019185119504
1421.047 2.5516095502890153
1421.037625 3.2935791949691122
1421.0282499999998 4.610410997707419
1421.018875 6.437104802168449
1421.0095 5.999660604159402
1421.000125 6.714078472064983
1420.99075 7.061358399596031
1420.9813749999998 8.163500309283279
1420.972 7.795504267414799
1420.962625 7.924370197918961
1420.95325 7.871098165686021
1420.943875 8.36568816442633
1420.9344999999998 8.233140120164478
1420.925125 8.057454095693998
1420.91575 8.237630084724998
1420.906375 8.295668015378482
1420.897 9.455567948351131
1420.8876249999998 8.158329813161657
1420.87825 8.07095366910869
1420.868875 7.757439509901985
1420.8595 6.978787267156775
1420.850125 7.094996998074777
1420.8407499999998 6.849068635668914
1420.831375 6.67200223574298
1420.822 7.24379779200612
1420.812625 5.365455239568064
1420.80325 5.021974632135368
1420.7938749999998 4.547355906215529
1420.7845 4.615599114117032
1420.775125 4.103704249548599
1420.76575 2.5766712511146466
1420.756375 2.8005001690263214
1420.7469999999998 3.193190996992172
1420.737625 2.826743675713516
1420.72825 2.77415825330408
1420.718875 2.728434671863141
1420.7095 2.657572978106174
1420.7001249999998 4.254573115530491
1420.69075 3.494435178965034
1420.681375 3.998159013582523
1420.672 5.973744761626108
1420.662625 9.95919231987753
1420.6532499999998 18.159501684141958
1420.643875 27.195672942256664
1420.6345 35.33970594988105
1420.625125 40.36860083877076
1420.61575 40.95335751269866
1420.6063749999998 39.36097601068897
1420.597 35.01745628392882
1420.587625 34.02479837004387
1420.57825 32.9320022216196
1420.568875 30.87406787488308
1420.5594999999998 29.319995323541292
1420.550125 28.57078452227705
1420.54075 28.67543550521961
1420.531375 27.919948266075664
1420.522 27.548322761625627
1420.5126249999998 26.54855902390068
1420.50325 27.22065701107968
1420.493875 24.756616753795157
1420.4845 23.5714382457534
1420.475125 21.353121447230905
1420.4657499999998 20.52266638676204
1420.456375 19.102073026021884
1420.447 17.813341392145958
1420.437625 17.743471478840178
1420.42825 17.139463249877366
1420.4188749999998 17.20731673029485
1420.4095 16.41103191379821
1420.400125 16.469608766258233
1420.39075 16.117047310613856
1420.381375 15.973347514134502
1420.3719999999998 13.977509398360183
1420.362625 13.564532931959036
1420.35325 11.570418159409684
1420.343875 10.63616500140435
1420.3345 8.573773524660737
1420.3251249999998 7.460243676306874
1420.31575 5.919575452145949
1420.306375 5.601768889661599
1420.297 4.764823940178388
1420.287625 2.5647405994993733
1420.2782499999998 1.9195188821692284
1420.268875 1.5351587818923633
1420.2595 1.1446602750303043
1420.250125 1.0400233740289764
1420.24075 0.6382480725924893
1420.2313749999998 0.8773343491808419
1420.222 1.0422821995966842
1420.212625 -0.3839083526677314
1420.20325 0.12676265770213035
1420.193875 0.12429522650870695
1420.1844999999998 0.628689373046484
1420.175125 0.2739450557808425
1420.16575 0.35006230365345914
1420.156375 0.08904108897431229
1420.147 0.10688141649319505
1420.1376249999998 0.5215832716654063
1420.12825 -0.6018533421587904
1420.118875 -0.16742843812494357
1420.1095 -0.06414201428214028
1420.100125 0.634005923072408
1420.0907499999998 -0.10798463710796113
1420.081375 0.2768863050282562
1420.072 0.720618743183735
1420.062625 0.003240522843955486
1420.05325 0.0022598755826088437
1420.0438749999998 0.001565090328484753
1420.0345 0.0010764126705347233
1420.025125 0.0007351950482862416
1420.01575 0.17910444518750523
1420.006375 0.00033589570757846176
1419.9969999999998 0.11349138761801214
1419.987625 0.00014925992936785912
1419.97825 0.42332411514098567
1419.968875 -0.22746737056175448
1419.9595 -0.42139742517511536
1419.9501249999998 -0.17346605289807826
1419.94075 0.01932673562328091
1419.931375 -0.08201906590966246
1419.922 -0.003503455948902001
1419.912625 -0.210126447240242
1419.9032499999998 0.3701119539174158
1419.893875 -0.740788248828494
1419.8845 -0.17982707032365397
1419.875125 -0.26100451686721726
1419.86575 0.07967941728770711
1419.8563749999998 -0.8007752720583596
1419.847 -0.7093686159970787
1419.837625 -0.9391005946358462
1419.82825 -0.4899712121743107
1419.818875 -0.2629804883581244
1419.8094999999998 -0.3201284294870561
1419.800125 -0.5364150418609199
1419.79075 -0.3378403141336719
1419.781375 0.6695957494946185
1419.772 -0.07010687422194906
1419.7626249999998 -0.3569481915834274
1419.75325 -0.44092820889014206
1419.743875 0.7199530887036474
1419.7345 -0.6033043030024032
1419.725125 -0.5817004333006821
1419.7157499999998 -0.233235264099676
1419.706375 -0.16690879959978133
1419.697 0.3642789313521462
1419.687625 -0.2806720775446365
1419.67825 -0.23376183259105687
1419.6688749999998 0.09600968665856158
1419.6595 0.6786424760035175
1419.650125 0.36313650309617174
1419.64075 -0.07350823836469544
1419.631375 0.3077082453195601
1419.6219999999998 0.5197859780949443
1419.612625 0.19672492481294057
1419.60325 0.6045251108197363
1419.593875 0.007186499566245175
1419.5845 0.4427091177989837
1419.5751249999998 0.3410928938199902
1419.56575 -0.08466207742756637
1419.556375 -0.0015559034906402758
1419.547 0.5924114789260102
1419.537625 0.08624006562095587
1419.5282499999998 -0.20707022210626747
1419.518875 -0.0835193167592081
1419.5095 0.18289277746055177
1419.500125 0.12816601700100705
1419.49075 -0.3136996044403588
1419.4813749999998 -0.018704052415245087
1419.472 0.32115262742323125
1419.462625 0.5738704287723522
1419.45325 -0.24355061181896076
1419.443875 0.19688945789516765
1419.4344999999998 -0.20480932413579467
1419.425125 0.0953529929331296
1419.41575 -0.5406235972012894
1419.406375 -0.37373905448859546
1419.397 0.19300656981479847
