1421.393875 -0.1992961301385776
1421.3845 -0.19820788533718314
1421.375125 -0.38127043408758254
1421.36575 -0.592483883023391
1421.3563749999998 1.4608629702217974e-22
1421.347 5.201384769267081e-22
1421.337625 1.8241373699504423e-21
1421.32825 6.3012638583375285e-21
1421.318875 2.1440079073634865e-20
1421.3094999999998 7.185485768075027e-20
1421.300125 2.3720105613986893e-19
1421.29075 -0.5936220909265444
1421.281375 -0.8191933099076039
1421.272 -0.5049154841348695
1421.2626249999998 -0.7777885268577336
1421.25325 -0.423812444959367
1421.243875 -0.41298733513275465
1421.2345 -0.09331311292197597
1421.225125 -0.07878978521048907
1421.2157499999998 0.45458255360304634
1421.206375 -0.5351961010705111
1421.197 -0.2971255818494569
1421.187625 0.1767939316466709
1421.17825 0.2395624348286276
1421.1688749999998 -0.12281999320214254
1421.1595 0.8266466406701909
1421.150125 0.5379622474005998
1421.14075 1.4571269037954835
1421.131375 1.5591406029705297
1421.1219999999998 2.263003258175189
1421.112625 2.930714943920833
1421.10325 3.6942755749867047
1421.093875 3.723685224354142
1421.0845 5.367943808332171
1421.0751249999998 6.292051474413199
1421.06575 5.558007987588695
1421.056375 6.537813569097125
1421.047 6.483468062265956
1421.037625 6.6979714625050235
1421.0282499999998 7.408323909656161
1421.018875 8.093525251636777
1421.0095 9.014575483856504
1421.000125 10.29847467164575
1420.99075 11.11722280811884
1420.9813749999998 12.215819817999233
1420.972 11.388265764321886
1420.962625 10.841560573340416
1420.95325 12.129704306559347
1420.943875 12.516696957092506
1420.9344999999998 13.089538453488615
1420.925125 12.749228854956613
1420.91575 12.239768154610033
1420.906375 12.506156283292853
1420.897 12.201393297918258
1420.8876249999998 11.903479130860461
1420.87825 11.581413837502083
1420.868875 10.743197410956185
1420.8595 9.550829785892432
1420.850125 9.446311015397526
1420.8407499999998 7.384641035671393
1420.831375 5.3348198982702115
1420.822 4.917847596306558
1420.812625 3.3407240682758754
1420.80325 3.0874493634383384
1420.7938749999998 3.150023421819725
1420.7845 3.4164462911494695
1420.775125 2.6387179645397225
1420.76575 2.9088383843120766
1420.756375 3.0658075958996562
1420.7469999999998 2.868625592414446
1420.737625 3.6812923184737087
1420.72825 3.811807817214401
1420.718875 4.084172034784416
1420.7095 5.144385012789826
1420.7001249999998 5.735446698909101
1420.69075 6.588357177884831
1420.681375 6.716116308825889
1420.672 8.32672421884584
1420.662625 9.871180814017123
1420.6532499999998 12.92748608974702
1420.643875 15.30264012312341
1420.6345 21.303642784736326
1420.625125 28.02249419021723
1420.61575 34.389194253292686
1420.6063749999998 41.76874300714803
1420.597 47.05914040788093
1420.587625 48.387386487145534
1420.57825 45.00348120257044
1420.568875 37.46942458427853
1420.5594999999998 32.502216625380015
1420.550125 29.28185728579976
1420.54075 28.004346593363863
1420.531375 26.103684541182133
1420.522 24.41987109147604
1420.5126249999998 23.581906269774635
1420.50325 22.805790039830384
1420.493875 21.19052242564112
1420.4845 20.105103420316112
1420.475125 18.933532989904506
1420.4657499999998 17.79081115610694
1420.456375 16.98993788650361
1420.447 14.206913201263745
1420.437625 13.606737093496264
1420.42825 12.090409533078144
1420.4188749999998 9.925930537881271
1420.4095 9.54030010101431
1420.400125 7.888518194651198
1420.39075 5.788584834366361
1420.381375 5.89649999386512
1420.3719999999998 4.381263687190312
1420.362625 4.480875889578499
1420.35325 2.425336630646825
1420.343875 2.191645852185701
1420.3345 1.5788035986205955
1420.3251249999998 1.5208098311449874
1420.31575 0.9536645451640879
1420.306375 0.8233677626365079
1420.297 1.0999194493504376
1420.287625 0.3953196007108204
1420.2782499999998 -0.02443177689821141
1420.268875 0.08366530963067476
1420.2595 0.17161084395712578
1420.250125 -0.16759516983256617
1420.24075 -0.09195273863130637
1420.2313749999998 1.585538123517864
1420.222 0.5878774120196226
1420.212625 0.2600651335142743
1420.20325 0.7531012691066792
1420.193875 -0.5000141857987899
1420.1844999999998 0.15871877084236985
1420.175125 0.21730012217616945
1420.16575 0.23972987126921907
1420.156375 0.26700800688541904
1420.147 0.01913452468497212
1420.1376249999998 -0.2778905817162638
1420.12825 -0.011067318190242759
1420.118875 0.010604310410798234
1420.1095 0.44312429668266873
1420.100125 -0.23250736626894764
1420.0907499999998 1.244279060507709e-07
1420.081375 5.717685606425388e-08
1420.072 2.5877219427445536e-08
1420.062625 1.1534832508061648e-08
1420.05325 5.064065351707735e-09
1420.0438749999998 2.189692803326489e-09
1420.0345 9.325258331178378e-10
1420.025125 3.9113983058035594e-10
1420.01575 1.6158400265986187e-10
1420.006375 6.574422925408804e-11
1419.9969999999998 2.6345689688650014e-11
1419.987625 1.0398146202539884e-11
1419.97825 0.04747832670796015
1419.968875 -0.4402770479581761
1419.9595 -0.07618415254725619
1419.9501249999998 -0.2502429916564495
1419.94075 0.13154641351852092
1419.931375 0.1961840560817052
1419.922 0.5476699472678206
1419.912625 0.04800406358236842
1419.9032499999998 0.1731863981289905
1419.893875 -0.36878303555900516
1419.8845 0.2620957367248309
1419.875125 -0.6781772919161142
1419.86575 -0.13260210564993713
1419.8563749999998 -1.0451787090744347
1419.847 0.12809284469014415
1419.837625 -0.333787403497098
1419.82825 -0.6608194582341298
1419.818875 -0.1250033506792647
1419.8094999999998 -0.4223390877296538
1419.800125 0.007173323717410085
1419.79075 0.4505339056238711
1419.781375 -0.30425734660860826
1419.772 -0.630200467970468
1419.7626249999998 -0.6482954653594106
1419.75325 -0.4475423456731278
1419.743875 -0.4049410831180751
1419.7345 -0.22749168229285033
1419.725125 0.028805783755245784
1419.7157499999998 -0.4330486241896665
1419.706375 -0.26505491072646237
1419.697 -0.38821311697768124
1419.687625 -0.27452324984173515
1419.67825 -0.45598531621701
1419.6688749999998 0.3264007158210802
1419.6595 0.6216348416735116
1419.650125 0.21571701638478658
1419.64075 0.09664723305604639
1419.631375 0.5214254847884376
1419.6219999999998 0.11605180733883458
1419.612625 0.3185261526853651
1419.60325 -0.3651514418820909
1419.593875 0.042018974081230454
1419.5845 0.27503743939831793
1419.5751249999998 0.7109038564915124
1419.56575 0.14961835792831835
1419.556375 0.6231807973420302
1419.547 0.27759126311079285
1419.537625 0.43584975063475895
1419.5282499999998 -0.08504384533051734
1419.518875 0.2729105681927706
1419.5095 0.41371298660453704
1419.500125 -0.03763664731761196
1419.49075 0.19786165952598367
1419.4813749999998 -0.3957920456092836
1419.472 0.17540217775382416
1419.462625 0.12144432271472283
1419.45325 0.1863344388286805
1419.443875 -0.2549275357275178
1419.4344999999998 -0.21034154986514864
1419.425125 0.05709233305881867
1419.41575 -0.6706258938565952
1419.406375 0.09850382277738845
1419.397 0.2254814173032571
