freq Tant_corr
1421.393875 0.5689181145604039
1421.3845 0.03709930788190263
1421.375125 -0.1339067464954553
1421.36575 -0.46310018724290103
1421.3563749999998 -0.6854808908834116
1421.347 -4.88659639756861e-05
1421.337625 0.0031957516929423946
1421.32825 0.5062530827150056
1421.318875 0.35212299317888096
1421.3094999999998 -0.34019439818729325
1421.300125 0.6673009000690229
1421.29075 0.22260875687325665
1421.281375 -0.32527071189582557
1421.272 -0.05333763541344183
1421.2626249999998 -0.03459189970064358
1421.25325 -0.153033513305445
1421.243875 0.14533739744595664
1421.2345 -0.27747905631701997
1421.225125 -0.504482883142856
1421.2157499999998 1.0313257934915043
1421.206375 0.4309469678869675
1421.197 0.16838086040195321
1421.187625 0.6146272354801852
1421.17825 1.717686087422436
1421.1688749999998 1.0565575207083668
1421.1595 1.7812415267888184
1421.150125 2.373737988835302
1421.14075 2.718047008477498
1421.131375 2.5611685771659154
1421.1219999999998 3.733102580921525
1421.112625 4.535849118523856
1421.10325 4.34340807789377
1421.093875 4.29977955591059
1421.0845 3.773963442394944
1421.0751249999998 4.220959933005304
1421.06575 4.646768717153492
1421.056375 3.9413900883269832
1421.047 4.302823839466811
1421.037625 4.863069964872551
1421.0282499999998 5.769128650701617
1421.018875 6.749999695595193
1421.0095 7.907683093852512
1421.000125 9.518178932851555
1420.99075 11.510487204041084
1420.9813749999998 14.177607807691487
1420.972 14.945540828329968
1420.962625 16.82528616812698
1420.95325 18.181843909709244
1420.943875 19.34821404452498
1420.9344999999998 18.908396477594977
1420.925125 19.116391288694984
1420.91575 18.709198469272934
1420.906375 17.72481792719998
1420.897 16.55324973940091
1420.8876249999998 14.569493815647235
1420.87825 13.396550230962987
1420.868875 12.021418976795474
1420.8595 11.446099965766848
1420.850125 10.721593270049937
1420.8407499999998 8.07189880416729
1420.831375 8.146016638390904
1420.822 8.60694676416756
1420.812625 8.898689098870591
1420.80325 9.900243709920602
1420.7938749999998 10.554610516591538
1420.7845 12.213789584403031
1420.775125 12.091780904801226
1420.76575 13.135584399911096
1420.756375 12.873200132400655
1420.7469999999998 12.463628093715755
1420.737625 13.060868208832375
1420.72825 13.742920537566874
1420.718875 13.552785006796
1420.7095 12.967461674435015
1420.7001249999998 13.60095046926142
1420.69075 14.386251509006371
1420.681375 14.88536459996348
1420.672 17.33528991872916
1420.662625 17.698027336165666
1420.6532499999998 22.593576846569505
1420.643875 24.906938558165507
1420.6345 30.188112291505576
1420.625125 34.64609820892673
1420.61575 39.05789619079667
1420.6063749999998 44.33750628457324
1420.597 50.283928429489464
1420.587625 52.81916267110162
1420.57825 55.4692089505439
1420.568875 56.06606731147107
1420.5594999999998 55.99873774532671
1420.550125 53.68722019609689
1420.54075 50.9995147045839
1420.531375 46.37462126223099
1420.522 39.76553981587614
1420.5126249999998 33.04327040346911
1420.50325 25.929812973749193
1420.493875 18.429167562764434
1420.4845 13.534334161957503
1420.475125 9.230312722919905
1420.4657499999998 6.82610327884683
1420.456375 4.647705783231288
1420.447 2.7591202673666544
1420.437625 2.0723467226950163
1420.42825 1.31638510556175
1420.4188749999998 1.4442354444071555
1420.4095 0.6298977306731501
1420.400125 0.3553719235573567
1420.39075 -0.005341951352761498
1420.381375 0.8337560670421453
1420.3719999999998 0.9316660024274483
1420.362625 0.2833878178041971
1420.35325 0.15792156244478406
1420.343875 0.3782671453228943
1420.3345 0.09042464034672548
1420.3251249999998 0.20339398683182708
1420.31575 -0.017824820927899054
1420.306375 0.8007682568290306
1420.297 0.1671731651241828
1420.287625 -0.19761010174892135
1420.2782499999998 0.026418470383930526
1420.268875 0.09025887296277801
1420.2595 -0.8980889205508049
1420.250125 -0.5256248988362415
1420.24075 -0.14534907045378986
1420.2313749999998 -0.00026145908879016133
1420.222 -0.2283620704481848
1420.212625 -0.6456508837937918
1420.20325 -0.009127935082744898
1420.193875 -0.24179323002218212
1420.1844999999998 0.5153532464185275
1420.175125 -0.11968854542848817
1420.16575 0.18508141698245595
1420.156375 0.05166310720599654
1420.147 0.15405652609842946
1420.1376249999998 -0.456738340514363
1420.12825 -0.6697214936787645
1420.118875 -0.6538929456664846
1420.1095 -0.2532526994266959
1420.100125 0.40019923647864175
1420.0907499999998 -0.36753714736849474
1420.081375 1.0045381432284444
1420.072 2.331476624680288e-13
1420.062625 6.72507184188439e-14
1420.05325 1.8958063586644655e-14
1420.0438749999998 5.223055111265235e-15
1420.0345 1.406324753047183e-15
1420.025125 3.7006376294204566e-16
1420.01575 0.16879141690174038
1420.006375 -0.47764017161506445
1419.9969999999998 0.2897398429561804
1419.987625 1.0379314616618274
1419.97825 0.9229346787929273
1419.968875 0.08974946561511388
1419.9595 0.05437583563863768
1419.9501249999998 -0.2961862168456264
1419.94075 0.33706328808574426
1419.931375 -0.10887565813121114
1419.922 -0.3930030477900459
1419.912625 -0.8273189038223734
1419.9032499999998 -0.8188232347924043
1419.893875 -1.1245160301393469
1419.8845 -0.7343973156497725
1419.875125 -0.563467099888328
1419.86575 -0.22472536943962496
1419.8563749999998 -0.23117213001350478
1419.847 -0.19680743508703813
1419.837625 -0.5296312464099628
1419.82825 -0.5916435696923656
1419.818875 -0.7348444373831455
1419.8094999999998 -0.536233858047666
1419.800125 -0.5238118402515113
1419.79075 -0.30457836296653795
1419.781375 0.3444665680967489
1419.772 0.1483229157304038
1419.7626249999998 -0.10500932863158141
1419.75325 -0.07853017355529346
1419.743875 0.1527604067457844
1419.7345 -0.32313759343924175
1419.725125 -0.02022425233423064
1419.7157499999998 -0.2714995069446786
1419.706375 0.05103663701831351
1419.697 -0.10861586526851852
1419.687625 -0.31345702237203454
1419.67825 0.06451315714068073
1419.6688749999998 0.37229470667028863
1419.6595 0.5808876205052513
1419.650125 0.5302918490624222
1419.64075 0.3205073837743271
1419.631375 0.3105342160733642
1419.6219999999998 0.723372384119358
1419.612625 0.2840218345208996
1419.60325 0.34148260734158953
1419.593875 -0.3322453527141249
1419.5845 0.20983799632114142
1419.5751249999998 -0.052267454239938616
1419.56575 0.27643844149707775
1419.556375 -0.6150444794991756
1419.547 0.25528388003414193
1419.537625 0.3084235143845149
1419.5282499999998 -0.2856256946565736
1419.518875 -0.05486364411419231
1419.5095 0.3227096602990116
1419.500125 0.139094153765825
1419.49075 0.13428982771699793
1419.4813749999998 0.21729673459182663
1419.472 -0.24488519328363623
1419.462625 0.23074403552107015
1419.45325 0.08718447630147352
1419.443875 0.049436058526822535
1419.4344999999998 -0.08950116060307778
1419.425125 0.701372746476352
1419.41575 0.107057771194917
1419.406375 -0.32144602639110076
1419.397 -0.6121387215741549
