Made from files: gal_rot_0_90_1.txt
G0.0 G10.0 G20.0 G30.0 G40.0 G50.0 G60.0 G70.0 G80.0 G90.0
freq vel vel_vlsr Tant freq_1 vel_1 vel_vlsr_1 Tant_1 freq_2 vel_2 vel_vlsr_2 Tant_2 freq_3 vel_3 vel_vlsr_3 Tant_3 freq_4 vel_4 vel_vlsr_4 Tant_4 freq_5 vel_5 vel_vlsr_5 Tant_5 freq_6 vel_6 vel_vlsr_6 Tant_6 freq_7 vel_7 vel_vlsr_7 Tant_7 freq_8 vel_8 vel_vlsr_8 Tant_8 freq_9 vel_9 vel_vlsr_9 Tant_9
1419.397 253.18204 213.11204 145.083 1419.397 255.45204 213.11204 142.132 1419.397 256.44204 213.11204 141.315 1419.397 256.10204 213.11204 140.669 1419.397 254.46204 213.11204 139.808 1419.397 251.56204 213.11204 138.922 1419.397 247.50204 213.11204 137.782 1419.397 242.39204 213.11204 137.36 1419.397 236.39204 213.11204 138.694 1419.397 229.68204 213.11204 139.584
1419.406375 251.20054 211.13054 144.734 1419.406375 253.47054 211.13054 142.302 1419.406375 254.46054 211.13054 140.591 1419.406375 254.12054 211.13054 141.237 1419.406375 252.48054 211.13054 139.458 1419.406375 249.58054 211.13054 138.346 1419.406375 245.52054 211.13054 137.643 1419.406375 240.41054 211.13054 137.417 1419.406375 234.41054 211.13054 138.971 1419.406375 227.70054 211.13054 139.541
1419.41575 249.21907 209.14907 145.341 1419.41575 251.48907 209.14907 142.583 1419.41575 252.47907 209.14907 140.897 1419.41575 252.13907 209.14907 140.597 1419.41575 250.49907 209.14907 139.291 1419.41575 247.59907 209.14907 138.17 1419.41575 243.53907 209.14907 136.862 1419.41575 238.42907 209.14907 136.884 1419.41575 232.42907 209.14907 139.386 1419.41575 225.71907 209.14907 138.626
1419.425125 247.23762 207.16762 145.393 1419.425125 249.50762 207.16762 142.528 1419.425125 250.49762 207.16762 141.46 1419.425125 250.15762 207.16762 141.189 1419.425125 248.51762 207.16762 139.964 1419.425125 245.61762 207.16762 138.797 1419.425125 241.55762 207.16762 137.578 1419.425125 236.44762 207.16762 136.964 1419.425125 230.44762 207.16762 139.967 1419.425125 223.73762 207.16762 139.471
1419.4344999999998 245.2562 205.1862 145.479 1419.4344999999998 247.5262 205.1862 141.781 1419.4344999999998 248.5162 205.1862 140.383 1419.4344999999998 248.1762 205.1862 140.777 1419.4344999999998 246.5362 205.1862 139.588 1419.4344999999998 243.6362 205.1862 138.488 1419.4344999999998 239.5762 205.1862 137.299 1419.4344999999998 234.4662 205.1862 137.134 1419.4344999999998 228.4662 205.1862 139.163 1419.4344999999998 221.7562 205.1862 139.339
1419.443875 243.27481 203.20481 144.666 1419.443875 245.54481 203.20481 142.301 1419.443875 246.53481 203.20481 140.661 1419.443875 246.19481 203.20481 140.82 1419.443875 244.55481 203.20481 139.316 1419.443875 241.65481 203.20481 138.881 1419.443875 237.59481 203.20481 137.243 1419.443875 232.48481 203.20481 137.424 1419.443875 226.48481 203.20481 139.289 1419.443875 219.77481 203.20481 139.722
1419.45325 241.29344 201.22344 145.472 1419.45325 243.56344 201.22344 141.809 1419.45325 244.55344 201.22344 140.927 1419.45325 244.21344 201.22344 140.613 1419.45325 242.57344 201.22344 139.485 1419.45325 239.67344 201.22344 138.432 1419.45325 235.61344 201.22344 137.673 1419.45325 230.50344 201.22344 137.623 1419.45325 224.50344 201.22344 139.314 1419.45325 217.79344 201.22344 139.982
1419.462625 239.3121 199.2421 145.798 1419.462625 241.5821 199.2421 142.097 1419.462625 242.5721 199.2421 141.452 1419.462625 242.2321 199.2421 141.369 1419.462625 240.5921 199.2421 139.602 1419.462625 237.6921 199.2421 139.241 1419.462625 233.6321 199.2421 137.597 1419.462625 228.5221 199.2421 137.311 1419.462625 222.5221 199.2421 139.445 1419.462625 215.8121 199.2421 139.762
1419.472 237.33078 197.26078 145.942 1419.472 239.60078 197.26078 142.344 1419.472 240.59078 197.26078 140.962 1419.472 240.25078 197.26078 141.115 1419.472 238.61078 197.26078 139.631 1419.472 235.71078 197.26078 138.98 1419.472 231.65078 197.26078 137.64 1419.472 226.54078 197.26078 137.558 1419.472 220.54078 197.26078 138.957 1419.472 213.83078 197.26078 139.727
1419.4813749999998 235.34949 195.27949 145.845 1419.4813749999998 237.61949 195.27949 142.173 1419.4813749999998 238.60949 195.27949 141.063 1419.4813749999998 238.26949 195.27949 141.086 1419.4813749999998 236.62949 195.27949 139.744 1419.4813749999998 233.72949 195.27949 138.632 1419.4813749999998 229.66949 195.27949 137.058 1419.4813749999998 224.55949 195.27949 137.97 1419.4813749999998 218.55949 195.27949 139.407 1419.4813749999998 211.84949 195.27949 138.925
1419.49075 233.36823 193.29823 145.966 1419.49075 235.63823 193.29823 142.479 1419.49075 236.62823 193.29823 141.679 1419.49075 236.28823 193.29823 141.242 1419.49075 234.64823 193.29823 139.235 1419.49075 231.74823 193.29823 138.329 1419.49075 227.68823 193.29823 137.641 1419.49075 222.57823 193.29823 137.391 1419.49075 216.57823 193.29823 139.312 1419.49075 209.86823 193.29823 139.758
1419.500125 231.38699 191.31699 145.877 1419.500125 233.65699 191.31699 142.502 1419.500125 234.64699 191.31699 141.799 1419.500125 234.30699 191.31699 140.885 1419.500125 232.66699 191.31699 139.898 1419.500125 229.76699 191.31699 138.763 1419.500125 225.70699 191.31699 137.395 1419.500125 220.59699 191.31699 137.207 1419.500125 214.59699 191.31699 139.305 1419.500125 207.88699 191.31699 139.17
1419.5095 229.40578 189.33578 145.572 1419.5095 231.67578 189.33578 142.756 1419.5095 232.66578 189.33578 140.673 1419.5095 232.32578 189.33578 140.891 1419.5095 230.68578 189.33578 139.31 1419.5095 227.78578 189.33578 138.81 1419.5095 223.72578 189.33578 137.836 1419.5095 218.61578 189.33578 137.172 1419.5095 212.61578 189.33578 139.477 1419.5095 205.90578 189.33578 139.039
1419.518875 227.4246 187.3546 145.893 1419.518875 229.6946 187.3546 142.328 1419.518875 230.6846 187.3546 140.788 1419.518875 230.3446 187.3546 141.244 1419.518875 228.7046 187.3546 139.48 1419.518875 225.8046 187.3546 138.536 1419.518875 221.7446 187.3546 137.685 1419.518875 216.6346 187.3546 137.015 1419.518875 210.6346 187.3546 139.088 1419.518875 203.9246 187.3546 139.059
1419.5282499999998 225.44344 185.37344 145.103 1419.5282499999998 227.71344 185.37344 142.623 1419.5282499999998 228.70344 185.37344 141.097 1419.5282499999998 228.36344 185.37344 141.218 1419.5282499999998 226.72344 185.37344 139.077 1419.5282499999998 223.82344 185.37344 138.405 1419.5282499999998 219.76344 185.37344 137.317 1419.5282499999998 214.65344 185.37344 136.699 1419.5282499999998 208.65344 185.37344 138.846 1419.5282499999998 201.94344 185.37344 139.375
1419.537625 223.4623 183.3923 145.929 1419.537625 225.7323 183.3923 142.878 1419.537625 226.7223 183.3923 141.33 1419.537625 226.3823 183.3923 140.69 1419.537625 224.7423 183.3923 139.574 1419.537625 221.8423 183.3923 138.691 1419.537625 217.7823 183.3923 137.828 1419.537625 212.6723 183.3923 137.288 1419.537625 206.6723 183.3923 139.429 1419.537625 199.9623 183.3923 139.533
1419.547 221.4812 181.4112 146.021 1419.547 223.7512 181.4112 142.692 1419.547 224.7412 181.4112 140.465 1419.547 224.4012 181.4112 141.373 1419.547 222.7612 181.4112 139.464 1419.547 219.8612 181.4112 139.19 1419.547 215.8012 181.4112 137.66 1419.547 210.6912 181.4112 136.947 1419.547 204.6912 181.4112 139.365 1419.547 197.9812 181.4112 139.078
1419.556375 219.50012 179.43012 145.134 1419.556375 221.77012 179.43012 142.01 1419.556375 222.76012 179.43012 140.893 1419.556375 222.42012 179.43012 140.838 1419.556375 220.78012 179.43012 139.414 1419.556375 217.88012 179.43012 138.589 1419.556375 213.82012 179.43012 137.996 1419.556375 208.71012 179.43012 137.036 1419.556375 202.71012 179.43012 138.484 1419.556375 196.00012 179.43012 138.736
1419.56575 217.51906 177.44906 145.825 1419.56575 219.78906 177.44906 142.375 1419.56575 220.77906 177.44906 140.952 1419.56575 220.43906 177.44906 141.166 1419.56575 218.79906 177.44906 139.712 1419.56575 215.89906 177.44906 138.499 1419.56575 211.83906 177.44906 137.513 1419.56575 206.72906 177.44906 137.447 1419.56575 200.72906 177.44906 139.365 1419.56575 194.01906 177.44906 139.186
1419.5751249999998 215.53804 175.46804 145.438 1419.5751249999998 217.80804 175.46804 142.197 1419.5751249999998 218.79804 175.46804 140.959 1419.5751249999998 218.45804 175.46804 140.807 1419.5751249999998 216.81804 175.46804 139.914 1419.5751249999998 213.91804 175.46804 138.918 1419.5751249999998 209.85804 175.46804 138.065 1419.5751249999998 204.74804 175.46804 137.037 1419.5751249999998 198.74804 175.46804 139.026 1419.5751249999998 192.03804 175.46804 139.254
1419.5845 213.55703 173.48703 145.106 1419.5845 215.82703 173.48703 142.77 1419.5845 216.81703 173.48703 141.334 1419.5845 216.47703 173.48703 141.157 1419.5845 214.83703 173.48703 139.172 1419.5845 211.93703 173.48703 139.013 1419.5845 207.87703 173.48703 137.62 1419.5845 202.76703 173.48703 137.044 1419.5845 196.76703 173.48703 139.278 1419.5845 190.05703 173.48703 138.475
1419.593875 211.57606 171.50606 145.382 1419.593875 213.84606 171.50606 142.184 1419.593875 214.83606 171.50606 140.262 1419.593875 214.49606 171.50606 140.727 1419.593875 212.85606 171.50606 139.262 1419.593875 209.95606 171.50606 138.571 1419.593875 205.89606 171.50606 137.378 1419.593875 200.78606 171.50606 137.172 1419.593875 194.78606 171.50606 138.726 1419.593875 188.07606 171.50606 138.922
1419.60325 209.59511 169.52511 145.51 1419.60325 211.86511 169.52511 142.605 1419.60325 212.85511 169.52511 141.076 1419.60325 212.51511 169.52511 141.302 1419.60325 210.87511 169.52511 139.337 1419.60325 207.97511 169.52511 139.162 1419.60325 203.91511 169.52511 136.962 1419.60325 198.80511 169.52511 137.033 1419.60325 192.80511 169.52511 139.39 1419.60325 186.09511 169.52511 139.81
1419.612625 207.61419 167.54419 145.47 1419.612625 209.88419 167.54419 142.534 1419.612625 210.87419 167.54419 141.006 1419.612625 210.53419 167.54419 140.804 1419.612625 208.89419 167.54419 139.774 1419.612625 205.99419 167.54419 138.748 1419.612625 201.93419 167.54419 137.637 1419.612625 196.82419 167.54419 137.542 1419.612625 190.82419 167.54419 139.323 1419.612625 184.11419 167.54419 138.882
1419.6219999999998 205.63329 165.56329 146.038 1419.6219999999998 207.90329 165.56329 142.86 1419.6219999999998 208.89329 165.56329 140.984 1419.6219999999998 208.55329 165.56329 141.685 1419.6219999999998 206.91329 165.56329 139.486 1419.6219999999998 204.01329 165.56329 139.065 1419.6219999999998 199.95329 165.56329 137.426 1419.6219999999998 194.84329 165.56329 136.896 1419.6219999999998 188.84329 165.56329 139.753 1419.6219999999998 182.13329 165.56329 139.469
1419.631375 203.65242 163.58242 145.334 1419.631375 205.92242 163.58242 142.221 1419.631375 206.91242 163.58242 140.799 1419.631375 206.57242 163.58242 140.623 1419.631375 204.93242 163.58242 139.393 1419.631375 202.03242 163.58242 138.847 1419.631375 197.97242 163.58242 137.823 1419.631375 192.86242 163.58242 137.247 1419.631375 186.86242 163.58242 139.331 1419.631375 180.15242 163.58242 139.083
1419.64075 201.67157 161.60157 145.376 1419.64075 203.94157 161.60157 142.262 1419.64075 204.93157 161.60157 141.375 1419.64075 204.59157 161.60157 140.758 1419.64075 202.95157 161.60157 140.038 1419.64075 200.05157 161.60157 138.46 1419.64075 195.99157 161.60157 137.39 1419.64075 190.88157 161.60157 136.883 1419.64075 184.88157 161.60157 139.332 1419.64075 178.17157 161.60157 138.998
1419.650125 199.69075 159.62075 145.769 1419.650125 201.96075 159.62075 142.24 1419.650125 202.95075 159.62075 140.809 1419.650125 202.61075 159.62075 141.628 1419.650125 200.97075 159.62075 139.483 1419.650125 198.07075 159.62075 138.891 1419.650125 194.01075 159.62075 137.501 1419.650125 188.90075 159.62075 136.786 1419.650125 182.90075 159.62075 139.533 1419.650125 176.19075 159.62075 139.387
1419.6595 197.70996 157.63996 146.001 1419.6595 199.97996 157.63996 143.19 1419.6595 200.96996 157.63996 141.117 1419.6595 200.62996 157.63996 141.701 1419.6595 198.98996 157.63996 140.334 1419.6595 196.08996 157.63996 139.201 1419.6595 192.02996 157.63996 137.899 1419.6595 186.91996 157.63996 136.749 1419.6595 180.91996 157.63996 139.575 1419.6595 174.20996 157.63996 139.987
1419.6688749999998 195.7292 155.6592 144.748 1419.6688749999998 197.9992 155.6592 142.634 1419.6688749999998 198.9892 155.6592 141.104 1419.6688749999998 198.6492 155.6592 140.9 1419.6688749999998 197.0092 155.6592 139.894 1419.6688749999998 194.1092 155.6592 138.613 1419.6688749999998 190.0492 155.6592 137.596 1419.6688749999998 184.9392 155.6592 137.118 1419.6688749999998 178.9392 155.6592 139.358 1419.6688749999998 172.2292 155.6592 138.701
1419.67825 193.74846 153.67846 145.13 1419.67825 196.01846 153.67846 143.053 1419.67825 197.00846 153.67846 140.475 1419.67825 196.66846 153.67846 140.7 1419.67825 195.02846 153.67846 139.603 1419.67825 192.12846 153.67846 138.278 1419.67825 188.06846 153.67846 136.806 1419.67825 182.95846 153.67846 136.913 1419.67825 176.95846 153.67846 139.042 1419.67825 170.24846 153.67846 138.964
1419.687625 191.76774 151.69774 144.88 1419.687625 194.03774 151.69774 142.092 1419.687625 195.02774 151.69774 140.648 1419.687625 194.68774 151.69774 141.294 1419.687625 193.04774 151.69774 139.224 1419.687625 190.14774 151.69774 138.226 1419.687625 186.08774 151.69774 136.98 1419.687625 180.97774 151.69774 136.933 1419.687625 174.97774 151.69774 138.656 1419.687625 168.26774 151.69774 138.447
1419.697 189.78705 149.71705 144.908 1419.697 192.05705 149.71705 142.884 1419.697 193.04705 149.71705 140.315 1419.697 192.70705 149.71705 140.594 1419.697 191.06705 149.71705 140.071 1419.697 188.16705 149.71705 138.866 1419.697 184.10705 149.71705 136.859 1419.697 178.99705 149.71705 137.059 1419.697 172.99705 149.71705 138.853 1419.697 166.28705 149.71705 138.847
1419.706375 187.80639 147.73639 144.735 1419.706375 190.07639 147.73639 142.462 1419.706375 191.06639 147.73639 140.568 1419.706375 190.72639 147.73639 140.487 1419.706375 189.08639 147.73639 139.648 1419.706375 186.18639 147.73639 138.33 1419.706375 182.12639 147.73639 136.975 1419.706375 177.01639 147.73639 136.766 1419.706375 171.01639 147.73639 139.005 1419.706375 164.30639 147.73639 139.445
1419.7157499999998 185.82576 145.75576 144.85 1419.7157499999998 188.09576 145.75576 142.22 1419.7157499999998 189.08576 145.75576 140.866 1419.7157499999998 188.74576 145.75576 140.73 1419.7157499999998 187.10576 145.75576 139.789 1419.7157499999998 184.20576 145.75576 138.259 1419.7157499999998 180.14576 145.75576 136.8 1419.7157499999998 175.03576 145.75576 137.117 1419.7157499999998 169.03576 145.75576 138.675 1419.7157499999998 162.32576 145.75576 139.531
1419.725125 183.84515 143.77515 144.435 1419.725125 186.11515 143.77515 142.176 1419.725125 187.10515 143.77515 140.032 1419.725125 186.76515 143.77515 140.96 1419.725125 185.12515 143.77515 139.57 1419.725125 182.22515 143.77515 137.906 1419.725125 178.16515 143.77515 137.255 1419.725125 173.05515 143.77515 136.395 1419.725125 167.05515 143.77515 138.919 1419.725125 160.34515 143.77515 138.786
1419.7345 181.86456 141.79456 144.705 1419.7345 184.13456 141.79456 141.545 1419.7345 185.12456 141.79456 140.286 1419.7345 184.78456 141.79456 140.716 1419.7345 183.14456 141.79456 139.735 1419.7345 180.24456 141.79456 137.88 1419.7345 176.18456 141.79456 136.992 1419.7345 171.07456 141.79456 136.377 1419.7345 165.07456 141.79456 138.609 1419.7345 158.36456 141.79456 138.695
1419.743875 179.88401 139.81401 144.685 1419.743875 182.15401 139.81401 142.144 1419.743875 183.14401 139.81401 140.762 1419.743875 182.80401 139.81401 141.297 1419.743875 181.16401 139.81401 139.356 1419.743875 178.26401 139.81401 139.199 1419.743875 174.20401 139.81401 136.808 1419.743875 169.09401 139.81401 136.636 1419.743875 163.09401 139.81401 139.078 1419.743875 156.38401 139.81401 138.951
1419.75325 177.90348 137.83348 144.998 1419.75325 180.17348 137.83348 142.674 1419.75325 181.16348 137.83348 140.206 1419.75325 180.82348 137.83348 140.81 1419.75325 179.18348 137.83348 139.24 1419.75325 176.28348 137.83348 138.034 1419.75325 172.22348 137.83348 136.759 1419.75325 167.11348 137.83348 136.555 1419.75325 161.11348 137.83348 138.84 1419.75325 154.40348 137.83348 138.945
1419.7626249999998 175.92297 135.85297 144.766 1419.7626249999998 178.19297 135.85297 142.688 1419.7626249999998 179.18297 135.85297 140.15 1419.7626249999998 178.84297 135.85297 140.585 1419.7626249999998 177.20297 135.85297 139.324 1419.7626249999998 174.30297 135.85297 138.114 1419.7626249999998 170.24297 135.85297 136.552 1419.7626249999998 165.13297 135.85297 136.846 1419.7626249999998 159.13297 135.85297 138.807 1419.7626249999998 152.42297 135.85297 138.677
1419.772 173.94249 133.87249 144.49 1419.772 176.21249 133.87249 141.901 1419.772 177.20249 133.87249 139.715 1419.772 176.86249 133.87249 140.847 1419.772 175.22249 133.87249 139.544 1419.772 172.32249 133.87249 138.397 1419.772 168.26249 133.87249 136.564 1419.772 163.15249 133.87249 136.429 1419.772 157.15249 133.87249 139.054 1419.772 150.44249 133.87249 138.992
1419.781375 171.96204 131.89204 144.973 1419.781375 174.23204 131.89204 142.823 1419.781375 175.22204 131.89204 140.66 1419.781375 174.88204 131.89204 140.567 1419.781375 173.24204 131.89204 138.557 1419.781375 170.34204 131.89204 139.133 1419.781375 166.28204 131.89204 136.884 1419.781375 161.17204 131.89204 137.016 1419.781375 155.17204 131.89204 139.244 1419.781375 148.46204 131.89204 138.553
1419.79075 169.98162 129.91162 145.362 1419.79075 172.25162 129.91162 142.067 1419.79075 173.24162 129.91162 140.079 1419.79075 172.90162 129.91162 140.423 1419.79075 171.26162 129.91162 139.343 1419.79075 168.36162 129.91162 138.122 1419.79075 164.30162 129.91162 137.633 1419.79075 159.19162 129.91162 136.477 1419.79075 153.19162 129.91162 138.589 1419.79075 146.48162 129.91162 138.965
1419.800125 168.00122 127.93122 145.052 1419.800125 170.27122 127.93122 141.916 1419.800125 171.26122 127.93122 139.973 1419.800125 170.92122 127.93122 139.959 1419.800125 169.28122 127.93122 139.154 1419.800125 166.38122 127.93122 137.92 1419.800125 162.32122 127.93122 137.184 1419.800125 157.21122 127.93122 136.836 1419.800125 151.21122 127.93122 138.364 1419.800125 144.50122 127.93122 138.434
1419.8094999999998 166.02084 125.95084 144.477 1419.8094999999998 168.29084 125.95084 142.676 1419.8094999999998 169.28084 125.95084 140.102 1419.8094999999998 168.94084 125.95084 140.649 1419.8094999999998 167.30084 125.95084 139.513 1419.8094999999998 164.40084 125.95084 138.133 1419.8094999999998 160.34084 125.95084 136.749 1419.8094999999998 155.23084 125.95084 135.9 1419.8094999999998 149.23084 125.95084 138.346 1419.8094999999998 142.52084 125.95084 139.089
1419.818875 164.04049 123.97049 144.719 1419.818875 166.31049 123.97049 142.235 1419.818875 167.30049 123.97049 140.458 1419.818875 166.96049 123.97049 140.357 1419.818875 165.32049 123.97049 139.754 1419.818875 162.42049 123.97049 138.187 1419.818875 158.36049 123.97049 137.041 1419.818875 153.25049 123.97049 136.717 1419.818875 147.25049 123.97049 138.142 1419.818875 140.54049 123.97049 138.755
1419.82825 162.06017 121.99017 144.573 1419.82825 164.33017 121.99017 142.715 1419.82825 165.32017 121.99017 140.112 1419.82825 164.98017 121.99017 140.516 1419.82825 163.34017 121.99017 138.842 1419.82825 160.44017 121.99017 137.957 1419.82825 156.38017 121.99017 136.5 1419.82825 151.27017 121.99017 136.349 1419.82825 145.27017 121.99017 138.28 1419.82825 138.56017 121.99017 138.628
1419.837625 160.07988 120.00988 144.625 1419.837625 162.34988 120.00988 142.075 1419.837625 163.33988 120.00988 140.741 1419.837625 162.99988 120.00988 140.814 1419.837625 161.35988 120.00988 138.677 1419.837625 158.45988 120.00988 137.505 1419.837625 154.39988 120.00988 136.822 1419.837625 149.28988 120.00988 136.154 1419.837625 143.28988 120.00988 138.337 1419.837625 136.57988 120.00988 139.155
1419.847 158.09961 118.02961 145.568 1419.847 160.36961 118.02961 142.877 1419.847 161.35961 118.02961 140.714 1419.847 161.01961 118.02961 140.773 1419.847 159.37961 118.02961 139.531 1419.847 156.47961 118.02961 137.732 1419.847 152.41961 118.02961 137.279 1419.847 147.30961 118.02961 136.791 1419.847 141.30961 118.02961 138.665 1419.847 134.59961 118.02961 138.46
1419.8563749999998 156.11936 116.04936 145.337 1419.8563749999998 158.38936 116.04936 142.525 1419.8563749999998 159.37936 116.04936 140.353 1419.8563749999998 159.03936 116.04936 140.475 1419.8563749999998 157.39936 116.04936 139.157 1419.8563749999998 154.49936 116.04936 137.638 1419.8563749999998 150.43936 116.04936 136.101 1419.8563749999998 145.32936 116.04936 136.551 1419.8563749999998 139.32936 116.04936 138.626 1419.8563749999998 132.61936 116.04936 138.627
1419.86575 154.13915 114.06915 145.199 1419.86575 156.40915 114.06915 143.135 1419.86575 157.39915 114.06915 140.575 1419.86575 157.05915 114.06915 141.424 1419.86575 155.41915 114.06915 139.441 1419.86575 152.51915 114.06915 138.516 1419.86575 148.45915 114.06915 137.009 1419.86575 143.34915 114.06915 136.171 1419.86575 137.34915 114.06915 138.628 1419.86575 130.63915 114.06915 138.942
1419.875125 152.15896 112.08896 145.133 1419.875125 154.42896 112.08896 142.259 1419.875125 155.41896 112.08896 139.954 1419.875125 155.07896 112.08896 140.871 1419.875125 153.43896 112.08896 139.112 1419.875125 150.53896 112.08896 138.173 1419.875125 146.47896 112.08896 136.459 1419.875125 141.36896 112.08896 136.829 1419.875125 135.36896 112.08896 138.285 1419.875125 128.65896 112.08896 138.282
1419.8845 150.17879 110.10879 144.768 1419.8845 152.44879 110.10879 142.635 1419.8845 153.43879 110.10879 140.226 1419.8845 153.09879 110.10879 140.83 1419.8845 151.45879 110.10879 138.85 1419.8845 148.55879 110.10879 138.252 1419.8845 144.49879 110.10879 137.395 1419.8845 139.38879 110.10879 136.73 1419.8845 133.38879 110.10879 138.11 1419.8845 126.67879 110.10879 138.712
1419.893875 148.19865 108.12865 145.309 1419.893875 150.46865 108.12865 142.459 1419.893875 151.45865 108.12865 140.449 1419.893875 151.11865 108.12865 140.699 1419.893875 149.47865 108.12865 138.667 1419.893875 146.57865 108.12865 137.689 1419.893875 142.51865 108.12865 136.76 1419.893875 137.40865 108.12865 136.551 1419.893875 131.40865 108.12865 137.716 1419.893875 124.69865 108.12865 138.7
1419.9032499999998 146.21854 106.14854 145.487 1419.9032499999998 148.48854 106.14854 142.746 1419.9032499999998 149.47854 106.14854 140.553 1419.9032499999998 149.13854 106.14854 141.66 1419.9032499999998 147.49854 106.14854 140.643 1419.9032499999998 144.59854 106.14854 138.798 1419.9032499999998 140.53854 106.14854 137.298 1419.9032499999998 135.42854 106.14854 136.722 1419.9032499999998 129.42854 106.14854 138.018 1419.9032499999998 122.71854 106.14854 138.906
1419.912625 144.23845 104.16845 145.449 1419.912625 146.50845 104.16845 142.721 1419.912625 147.49845 104.16845 140.952 1419.912625 147.15845 104.16845 141.398 1419.912625 145.51845 104.16845 139.616 1419.912625 142.61845 104.16845 138.216 1419.912625 138.55845 104.16845 137.169 1419.912625 133.44845 104.16845 136.52 1419.912625 127.44845 104.16845 138.006 1419.912625 120.73845 104.16845 138.959
1419.922 142.25839 102.18839 145.548 1419.922 144.52839 102.18839 143.624 1419.922 145.51839 102.18839 140.61 1419.922 145.17839 102.18839 141.69 1419.922 143.53839 102.18839 139.924 1419.922 140.63839 102.18839 138.421 1419.922 136.57839 102.18839 137.665 1419.922 131.46839 102.18839 137.476 1419.922 125.46839 102.18839 138.437 1419.922 118.75839 102.18839 139.196
1419.931375 140.27836 100.20836 145.469 1419.931375 142.54836 100.20836 143.674 1419.931375 143.53836 100.20836 141.109 1419.931375 143.19836 100.20836 141.476 1419.931375 141.55836 100.20836 140.097 1419.931375 138.65836 100.20836 138.341 1419.931375 134.59836 100.20836 137.31 1419.931375 129.48836 100.20836 137.133 1419.931375 123.48836 100.20836 138.718 1419.931375 116.77836 100.20836 139.531
1419.94075 138.29835 98.22835 145.77 1419.94075 140.56835 98.22835 143.139 1419.94075 141.55835 98.22835 141.098 1419.94075 141.21835 98.22835 141.401 1419.94075 139.57835 98.22835 139.742 1419.94075 136.67835 98.22835 138.441 1419.94075 132.61835 98.22835 137.242 1419.94075 127.50835 98.22835 136.442 1419.94075 121.50835 98.22835 139.161 1419.94075 114.79835 98.22835 138.637
1419.9501249999998 136.31837 96.24837 144.996 1419.9501249999998 138.58837 96.24837 142.426 1419.9501249999998 139.57837 96.24837 140.57 1419.9501249999998 139.23837 96.24837 141.087 1419.9501249999998 137.59837 96.24837 139.836 1419.9501249999998 134.69837 96.24837 138.247 1419.9501249999998 130.63837 96.24837 136.857 1419.9501249999998 125.52837 96.24837 137.414 1419.9501249999998 119.52837 96.24837 138.525 1419.9501249999998 112.81837 96.24837 139.393
1419.9595 134.33842 94.26842 145.129 1419.9595 136.60842 94.26842 142.595 1419.9595 137.59842 94.26842 140.573 1419.9595 137.25842 94.26842 141.031 1419.9595 135.61842 94.26842 139.304 1419.9595 132.71842 94.26842 137.998 1419.9595 128.65842 94.26842 137.028 1419.9595 123.54842 94.26842 136.559 1419.9595 117.54842 94.26842 138.873 1419.9595 110.83842 94.26842 138.219
1419.968875 132.35849 92.28849 145.18 1419.968875 134.62849 92.28849 143.072 1419.968875 135.61849 92.28849 140.896 1419.968875 135.27849 92.28849 140.705 1419.968875 133.63849 92.28849 139.338 1419.968875 130.73849 92.28849 138.191 1419.968875 126.67849 92.28849 136.661 1419.968875 121.56849 92.28849 137.181 1419.968875 115.56849 92.28849 138.906 1419.968875 108.85849 92.28849 139.298
1419.97825 130.37858 90.30858 145.976 1419.97825 132.64858 90.30858 143.99 1419.97825 133.63858 90.30858 140.982 1419.97825 133.29858 90.30858 140.86 1419.97825 131.65858 90.30858 139.991 1419.97825 128.75858 90.30858 138.841 1419.97825 124.69858 90.30858 137.146 1419.97825 119.58858 90.30858 136.678 1419.97825 113.58858 90.30858 139.737 1419.97825 106.87858 90.30858 139.86
1419.987625 128.39871 88.32871 145.594 1419.987625 130.66871 88.32871 144.368 1419.987625 131.65871 88.32871 142.06 1419.987625 131.31871 88.32871 141.886 1419.987625 129.67871 88.32871 140.716 1419.987625 126.77871 88.32871 139.174 1419.987625 122.71871 88.32871 139.413 1419.987625 117.60871 88.32871 139.897 1419.987625 111.60871 88.32871 139.85 1419.987625 104.89871 88.32871 139.326
1419.9969999999998 126.41886 86.34886 144.97 1419.9969999999998 128.68886 86.34886 142.015 1419.9969999999998 129.67886 86.34886 140.706 1419.9969999999998 129.33886 86.34886 141.111 1419.9969999999998 127.69886 86.34886 139.837 1419.9969999999998 124.79886 86.34886 138.53 1419.9969999999998 120.73886 86.34886 136.776 1419.9969999999998 115.62886 86.34886 136.237 1419.9969999999998 109.62886 86.34886 139.1 1419.9969999999998 102.91886 86.34886 139.517
1420.006375 124.43903 84.36903 144.833 1420.006375 126.70903 84.36903 142.979 1420.006375 127.69903 84.36903 140.743 1420.006375 127.35903 84.36903 141.264 1420.006375 125.71903 84.36903 139.605 1420.006375 122.81903 84.36903 138.734 1420.006375 118.75903 84.36903 137.134 1420.006375 113.64903 84.36903 137.35 1420.006375 107.64903 84.36903 138.331 1420.006375 100.93903 84.36903 139.291
1420.01575 122.45923 82.38923 145.077 1420.01575 124.72923 82.38923 142.79 1420.01575 125.71923 82.38923 141.419 1420.01575 125.37923 82.38923 141.501 1420.01575 123.73923 82.38923 139.843 1420.01575 120.83923 82.38923 138.595 1420.01575 116.77923 82.38923 137.345 1420.01575 111.66923 82.38923 136.472 1420.01575 105.66923 82.38923 138.976 1420.01575 98.95923 82.38923 139.227
1420.025125 120.47946 80.40946 145.572 1420.025125 122.74946 80.40946 144.01 1420.025125 123.73946 80.40946 143.131 1420.025125 123.39946 80.40946 142.577 1420.025125 121.75946 80.40946 140.192 1420.025125 118.85946 80.40946 139.581 1420.025125 114.79946 80.40946 137.025 1420.025125 109.68946 80.40946 137.616 1420.025125 103.68946 80.40946 139.579 1420.025125 96.97946 80.40946 139.034
1420.0345 118.49971 78.42971 147.076 1420.0345 120.76971 78.42971 144.289 1420.0345 121.75971 78.42971 142.677 1420.0345 121.41971 78.42971 142.015 1420.0345 119.77971 78.42971 142.25 1420.0345 116.87971 78.42971 139.418 1420.0345 112.81971 78.42971 139.151 1420.0345 107.70971 78.42971 138.416 1420.0345 101.70971 78.42971 139.844 1420.0345 94.99971 78.42971 139.653
1420.0438749999998 116.51999 76.44999 160.911 1420.0438749999998 118.78999 76.44999 172.087 1420.0438749999998 119.77999 76.44999 150.431 1420.0438749999998 119.43999 76.44999 143.837 1420.0438749999998 117.79999 76.44999 143.495 1420.0438749999998 114.89999 76.44999 143.468 1420.0438749999998 110.83999 76.44999 141.29 1420.0438749999998 105.72999 76.44999 152.794 1420.0438749999998 99.72999 76.44999 144.554 1420.0438749999998 93.01999 76.44999 145.853
1420.05325 114.5403 74.4703 148.263 1420.05325 116.8103 74.4703 150.467 1420.05325 117.8003 74.4703 151.365 1420.05325 117.4603 74.4703 141.456 1420.05325 115.8203 74.4703 149.256 1420.05325 112.9203 74.4703 147.66 1420.05325 108.8603 74.4703 144.842 1420.05325 103.7503 74.4703 153.437 1420.05325 97.7503 74.4703 141.62 1420.05325 91.0403 74.4703 145.528
1420.062625 112.56063 72.49063 150.76 1420.062625 114.83063 72.49063 145.142 1420.062625 115.82063 72.49063 143.727 1420.062625 115.48063 72.49063 142.852 1420.062625 113.84063 72.49063 142.093 1420.062625 110.94063 72.49063 141.593 1420.062625 106.88063 72.49063 143.283 1420.062625 101.77063 72.49063 141.354 1420.062625 95.77063 72.49063 139.966 1420.062625 89.06063 72.49063 143.689
1420.072 110.58099 70.51099 145.97 1420.072 112.85099 70.51099 143.75 1420.072 113.84099 70.51099 142.973 1420.072 113.50099 70.51099 142.165 1420.072 111.86099 70.51099 140.462 1420.072 108.96099 70.51099 139.138 1420.072 104.90099 70.51099 137.682 1420.072 99.79099 70.51099 137.275 1420.072 93.79099 70.51099 139.502 1420.072 87.08099 70.51099 139.246
1420.081375 108.60137 68.53137 145.914 1420.081375 110.87137 68.53137 143.353 1420.081375 111.86137 68.53137 142.043 1420.081375 111.52137 68.53137 142.329 1420.081375 109.88137 68.53137 140.089 1420.081375 106.98137 68.53137 138.695 1420.081375 102.92137 68.53137 137.266 1420.081375 97.81137 68.53137 136.722 1420.081375 91.81137 68.53137 139.807 1420.081375 85.10137 68.53137 138.689
1420.0907499999998 106.62178 66.55178 145.578 1420.0907499999998 108.89178 66.55178 143.314 1420.0907499999998 109.88178 66.55178 142.449 1420.0907499999998 109.54178 66.55178 141.63 1420.0907499999998 107.90178 66.55178 139.9 1420.0907499999998 105.00178 66.55178 138.311 1420.0907499999998 100.94178 66.55178 136.823 1420.0907499999998 95.83178 66.55178 137.021 1420.0907499999998 89.83178 66.55178 138.435 1420.0907499999998 83.12178 66.55178 138.965
1420.100125 104.64222 64.57222 145.335 1420.100125 106.91222 64.57222 143.643 1420.100125 107.90222 64.57222 142.821 1420.100125 107.56222 64.57222 142.329 1420.100125 105.92222 64.57222 139.766 1420.100125 103.02222 64.57222 139.054 1420.100125 98.96222 64.57222 136.844 1420.100125 93.85222 64.57222 136.373 1420.100125 87.85222 64.57222 139.203 1420.100125 81.14222 64.57222 138.946
1420.1095 102.66268 62.59268 145.955 1420.1095 104.93268 62.59268 143.905 1420.1095 105.92268 62.59268 143.216 1420.1095 105.58268 62.59268 142.693 1420.1095 103.94268 62.59268 140.155 1420.1095 101.04268 62.59268 138.357 1420.1095 96.98268 62.59268 137.519 1420.1095 91.87268 62.59268 136.922 1420.1095 85.87268 62.59268 138.55 1420.1095 79.16268 62.59268 139.438
1420.118875 100.68317 60.61317 145.404 1420.118875 102.95317 60.61317 143.296 1420.118875 103.94317 60.61317 142.961 1420.118875 103.60317 60.61317 142.731 1420.118875 101.96317 60.61317 139.626 1420.118875 99.06317 60.61317 138.255 1420.118875 95.00317 60.61317 137.086 1420.118875 89.89317 60.61317 136.802 1420.118875 83.89317 60.61317 138.15 1420.118875 77.18317 60.61317 138.631
1420.12825 98.70369 58.63369 145.324 1420.12825 100.97369 58.63369 143.571 1420.12825 101.96369 58.63369 143.455 1420.12825 101.62369 58.63369 142.931 1420.12825 99.98369 58.63369 140.718 1420.12825 97.08369 58.63369 137.822 1420.12825 93.02369 58.63369 137.064 1420.12825 87.91369 58.63369 136.965 1420.12825 81.91369 58.63369 138.135 1420.12825 75.20369 58.63369 138.563
1420.1376249999998 96.72423 56.65423 145.277 1420.1376249999998 98.99423 56.65423 143.234 1420.1376249999998 99.98423 56.65423 143.22 1420.1376249999998 99.64423 56.65423 143.981 1420.1376249999998 98.00423 56.65423 140.675 1420.1376249999998 95.10423 56.65423 138.947 1420.1376249999998 91.04423 56.65423 136.797 1420.1376249999998 85.93423 56.65423 137.321 1420.1376249999998 79.93423 56.65423 138.349 1420.1376249999998 73.22423 56.65423 139.59
1420.147 94.7448 54.6748 144.875 1420.147 97.0148 54.6748 142.717 1420.147 98.0048 54.6748 143.268 1420.147 97.6648 54.6748 144.343 1420.147 96.0248 54.6748 140.557 1420.147 93.1248 54.6748 138.534 1420.147 89.0648 54.6748 137.094 1420.147 83.9548 54.6748 136.774 1420.147 77.9548 54.6748 138.961 1420.147 71.2448 54.6748 138.265
1420.156375 92.76539 52.69539 145.801 1420.156375 95.03539 52.69539 142.969 1420.156375 96.02539 52.69539 143.368 1420.156375 95.68539 52.69539 144.757 1420.156375 94.04539 52.69539 140.822 1420.156375 91.14539 52.69539 138.518 1420.156375 87.08539 52.69539 137.342 1420.156375 81.97539 52.69539 137.51 1420.156375 75.97539 52.69539 138.86 1420.156375 69.26539 52.69539 139.151
1420.16575 90.78601 50.71601 146.031 1420.16575 93.05601 50.71601 142.931 1420.16575 94.04601 50.71601 142.719 1420.16575 93.70601 50.71601 144.892 1420.16575 92.06601 50.71601 141.056 1420.16575 89.16601 50.71601 138.781 1420.16575 85.10601 50.71601 137.315 1420.16575 79.99601 50.71601 136.758 1420.16575 73.99601 50.71601 138.995 1420.16575 67.28601 50.71601 138.954
1420.175125 88.80665 48.73665 145.014 1420.175125 91.07665 48.73665 143.47 1420.175125 92.06665 48.73665 143.699 1420.175125 91.72665 48.73665 145.915 1420.175125 90.08665 48.73665 140.92 1420.175125 87.18665 48.73665 138.707 1420.175125 83.12665 48.73665 137.293 1420.175125 78.01665 48.73665 136.741 1420.175125 72.01665 48.73665 138.692 1420.175125 65.30665 48.73665 138.991
1420.1844999999998 86.82733 46.75733 145.396 1420.1844999999998 89.09733 46.75733 143.187 1420.1844999999998 90.08733 46.75733 143.231 1420.1844999999998 89.74733 46.75733 146.71 1420.1844999999998 88.10733 46.75733 141.993 1420.1844999999998 85.20733 46.75733 139.064 1420.1844999999998 81.14733 46.75733 137.235 1420.1844999999998 76.03733 46.75733 136.744 1420.1844999999998 70.03733 46.75733 139.329 1420.1844999999998 63.32733 46.75733 139.354
1420.193875 84.84802 44.77802 145.137 1420.193875 87.11802 44.77802 143.381 1420.193875 88.10802 44.77802 143.469 1420.193875 87.76802 44.77802 145.975 1420.193875 86.12802 44.77802 141.655 1420.193875 83.22802 44.77802 138.562 1420.193875 79.16802 44.77802 136.577 1420.193875 74.05802 44.77802 136.992 1420.193875 68.05802 44.77802 138.574 1420.193875 61.34802 44.77802 138.561
1420.20325 82.86875 42.79875 145.958 1420.20325 85.13875 42.79875 143.308 1420.20325 86.12875 42.79875 143.451 1420.20325 85.78875 42.79875 146.183 1420.20325 84.14875 42.79875 142.681 1420.20325 81.24875 42.79875 138.567 1420.20325 77.18875 42.79875 137.831 1420.20325 72.07875 42.79875 137.248 1420.20325 66.07875 42.79875 138.809 1420.20325 59.36875 42.79875 139.238
1420.212625 80.8895 40.8195 145.88 1420.212625 83.1595 40.8195 143.645 1420.212625 84.1495 40.8195 143.629 1420.212625 83.8095 40.8195 146.784 1420.212625 82.1695 40.8195 142.019 1420.212625 79.2695 40.8195 138.059 1420.212625 75.2095 40.8195 137.339 1420.212625 70.0995 40.8195 136.976 1420.212625 64.0995 40.8195 138.175 1420.212625 57.3895 40.8195 138.724
1420.222 78.91027 38.84027 144.993 1420.222 81.18027 38.84027 143.057 1420.222 82.17027 38.84027 143.518 1420.222 81.83027 38.84027 146.473 1420.222 80.19027 38.84027 142.826 1420.222 77.29027 38.84027 139.488 1420.222 73.23027 38.84027 137.668 1420.222 68.12027 38.84027 136.873 1420.222 62.12027 38.84027 138.595 1420.222 55.41027 38.84027 138.436
1420.2313749999998 76.93108 36.86108 145.536 1420.2313749999998 79.20108 36.86108 143.197 1420.2313749999998 80.19108 36.86108 144.306 1420.2313749999998 79.85108 36.86108 147.123 1420.2313749999998 78.21108 36.86108 143.241 1420.2313749999998 75.31108 36.86108 139.326 1420.2313749999998 71.25108 36.86108 138.667 1420.2313749999998 66.14108 36.86108 137.253 1420.2313749999998 60.14108 36.86108 138.826 1420.2313749999998 53.43108 36.86108 138.65
1420.24075 74.95191 34.88191 145.21 1420.24075 77.22191 34.88191 143.719 1420.24075 78.21191 34.88191 143.373 1420.24075 77.87191 34.88191 147.198 1420.24075 76.23191 34.88191 143.801 1420.24075 73.33191 34.88191 139.09 1420.24075 69.27191 34.88191 136.991 1420.24075 64.16191 34.88191 136.784 1420.24075 58.16191 34.88191 138.684 1420.24075 51.45191 34.88191 139.154
1420.250125 72.97276 32.90276 145.658 1420.250125 75.24276 32.90276 143.341 1420.250125 76.23276 32.90276 143.377 1420.250125 75.89276 32.90276 147.199 1420.250125 74.25276 32.90276 144.775 1420.250125 71.35276 32.90276 139.495 1420.250125 67.29276 32.90276 136.917 1420.250125 62.18276 32.90276 137.127 1420.250125 56.18276 32.90276 138.307 1420.250125 49.47276 32.90276 138.872
1420.2595 70.99364 30.92364 145.559 1420.2595 73.26364 30.92364 143.484 1420.2595 74.25364 30.92364 143.445 1420.2595 73.91364 30.92364 147.733 1420.2595 72.27364 30.92364 145.751 1420.2595 69.37364 30.92364 139.603 1420.2595 65.31364 30.92364 137.258 1420.2595 60.20364 30.92364 136.654 1420.2595 54.20364 30.92364 137.938 1420.2595 47.49364 30.92364 138.798
1420.268875 69.01455 28.94455 145.293 1420.268875 71.28455 28.94455 142.95 1420.268875 72.27455 28.94455 143.752 1420.268875 71.93455 28.94455 147.835 1420.268875 70.29455 28.94455 146.339 1420.268875 67.39455 28.94455 139.997 1420.268875 63.33455 28.94455 137.172 1420.268875 58.22455 28.94455 136.719 1420.268875 52.22455 28.94455 138.93 1420.268875 45.51455 28.94455 138.589
1420.2782499999998 67.03548 26.96548 145.408 1420.2782499999998 69.30548 26.96548 143.182 1420.2782499999998 70.29548 26.96548 143.604 1420.2782499999998 69.95548 26.96548 147.512 1420.2782499999998 68.31548 26.96548 147.127 1420.2782499999998 65.41548 26.96548 140.385 1420.2782499999998 61.35548 26.96548 137.066 1420.2782499999998 56.24548 26.96548 136.939 1420.2782499999998 50.24548 26.96548 138.87 1420.2782499999998 43.53548 26.96548 138.262
1420.287625 65.05644 24.98644 145.554 1420.287625 67.32644 24.98644 143.258 1420.287625 68.31644 24.98644 143.473 1420.287625 67.97644 24.98644 147.344 1420.287625 66.33644 24.98644 147.813 1420.287625 63.43644 24.98644 141.034 1420.287625 59.37644 24.98644 137.488 1420.287625 54.26644 24.98644 136.889 1420.287625 48.26644 24.98644 138.65 1420.287625 41.55644 24.98644 138.311
1420.297 63.07743 23.00743 145.711 1420.297 65.34743 23.00743 144.428 1420.297 66.33743 23.00743 144.03 1420.297 65.99743 23.00743 148.538 1420.297 64.35743 23.00743 148.184 1420.297 61.45743 23.00743 143.238 1420.297 57.39743 23.00743 138.195 1420.297 52.28743 23.00743 137.022 1420.297 46.28743 23.00743 139.019 1420.297 39.57743 23.00743 138.28
1420.306375 61.09844 21.02844 145.74 1420.306375 63.36844 21.02844 144.339 1420.306375 64.35844 21.02844 143.769 1420.306375 64.01844 21.02844 147.538 1420.306375 62.37844 21.02844 148.38 1420.306375 59.47844 21.02844 144.079 1420.306375 55.41844 21.02844 137.921 1420.306375 50.30844 21.02844 137.188 1420.306375 44.30844 21.02844 139.657 1420.306375 37.59844 21.02844 138.667
1420.31575 59.11947 19.04947 145.109 1420.31575 61.38947 19.04947 144.336 1420.31575 62.37947 19.04947 143.939 1420.31575 62.03947 19.04947 147.3 1420.31575 60.39947 19.04947 148.99 1420.31575 57.49947 19.04947 144.401 1420.31575 53.43947 19.04947 138.054 1420.31575 48.32947 19.04947 136.927 1420.31575 42.32947 19.04947 138.843 1420.31575 35.61947 19.04947 138.402
1420.3251249999998 57.14054 17.07054 145.274 1420.3251249999998 59.41054 17.07054 144.11 1420.3251249999998 60.40054 17.07054 144.025 1420.3251249999998 60.06054 17.07054 147.929 1420.3251249999998 58.42054 17.07054 149.401 1420.3251249999998 55.52054 17.07054 145.946 1420.3251249999998 51.46054 17.07054 138.624 1420.3251249999998 46.35054 17.07054 137.242 1420.3251249999998 40.35054 17.07054 139.069 1420.3251249999998 33.64054 17.07054 138.627
1420.3345 55.16163 15.09163 145.636 1420.3345 57.43163 15.09163 144.243 1420.3345 58.42163 15.09163 144.614 1420.3345 58.08163 15.09163 148.451 1420.3345 56.44163 15.09163 150.867 1420.3345 53.54163 15.09163 147.064 1420.3345 49.48163 15.09163 138.685 1420.3345 44.37163 15.09163 137.447 1420.3345 38.37163 15.09163 138.961 1420.3345 31.66163 15.09163 138.514
1420.343875 53.18274 13.11274 145.334 1420.343875 55.45274 13.11274 144.672 1420.343875 56.44274 13.11274 144.33 1420.343875 56.10274 13.11274 148.747 1420.343875 54.46274 13.11274 150.931 1420.343875 51.56274 13.11274 149.131 1420.343875 47.50274 13.11274 139.301 1420.343875 42.39274 13.11274 137.171 1420.343875 36.39274 13.11274 139.254 1420.343875 29.68274 13.11274 138.722
1420.35325 51.20389 11.13389 145.652 1420.35325 53.47389 11.13389 144.774 1420.35325 54.46389 11.13389 144.668 1420.35325 54.12389 11.13389 148.671 1420.35325 52.48389 11.13389 152.59 1420.35325 49.58389 11.13389 150.07 1420.35325 45.52389 11.13389 139.538 1420.35325 40.41389 11.13389 136.928 1420.35325 34.41389 11.13389 139.039 1420.35325 27.70389 11.13389 138.989
1420.362625 49.22505 9.15505 145.748 1420.362625 51.49505 9.15505 144.997 1420.362625 52.48505 9.15505 145.131 1420.362625 52.14505 9.15505 148.89 1420.362625 50.50505 9.15505 153.133 1420.362625 47.60505 9.15505 152.069 1420.362625 43.54505 9.15505 141.597 1420.362625 38.43505 9.15505 137.607 1420.362625 32.43505 9.15505 139.17 1420.362625 25.72505 9.15505 140.068
1420.3719999999998 47.24625 7.17625 145.17 1420.3719999999998 49.51625 7.17625 145.601 1420.3719999999998 50.50625 7.17625 145.562 1420.3719999999998 50.16625 7.17625 149.467 1420.3719999999998 48.52625 7.17625 153.944 1420.3719999999998 45.62625 7.17625 152.487 1420.3719999999998 41.56625 7.17625 141.501 1420.3719999999998 36.45625 7.17625 137.295 1420.3719999999998 30.45625 7.17625 139.824 1420.3719999999998 23.74625 7.17625 139.293
1420.381375 45.26747 5.19747 145.602 1420.381375 47.53747 5.19747 145.768 1420.381375 48.52747 5.19747 146.301 1420.381375 48.18747 5.19747 150.043 1420.381375 46.54747 5.19747 154.649 1420.381375 43.64747 5.19747 154.488 1420.381375 39.58747 5.19747 143.02 1420.381375 34.47747 5.19747 138.053 1420.381375 28.47747 5.19747 139.732 1420.381375 21.76747 5.19747 138.476
1420.39075 43.28872 3.21872 144.791 1420.39075 45.55872 3.21872 145.921 1420.39075 46.54872 3.21872 146.218 1420.39075 46.20872 3.21872 149.392 1420.39075 44.56872 3.21872 155.013 1420.39075 41.66872 3.21872 154.637 1420.39075 37.60872 3.21872 142.916 1420.39075 32.49872 3.21872 137.614 1420.39075 26.49872 3.21872 138.899 1420.39075 19.78872 3.21872 138.782
1420.400125 41.30999 1.23999 145.548 1420.400125 43.57999 1.23999 146.36 1420.400125 44.56999 1.23999 146.845 1420.400125 44.22999 1.23999 150.113 1420.400125 42.58999 1.23999 155.727 1420.400125 39.68999 1.23999 154.995 1420.400125 35.62999 1.23999 145.02 1420.400125 30.51999 1.23999 138.435 1420.400125 24.51999 1.23999 139.266 1420.400125 17.80999 1.23999 140.014
1420.4095 39.33129 -0.73871 145.438 1420.4095 41.60129 -0.73871 146.396 1420.4095 42.59129 -0.73871 147.098 1420.4095 42.25129 -0.73871 150.566 1420.4095 40.61129 -0.73871 155.732 1420.4095 37.71129 -0.73871 154.942 1420.4095 33.65129 -0.73871 146.676 1420.4095 28.54129 -0.73871 138.308 1420.4095 22.54129 -0.73871 139.547 1420.4095 15.83129 -0.73871 139.571
1420.4188749999998 37.35261 -2.71739 145.722 1420.4188749999998 39.62261 -2.71739 147.776 1420.4188749999998 40.61261 -2.71739 147.577 1420.4188749999998 40.27261 -2.71739 151.574 1420.4188749999998 38.63261 -2.71739 156.658 1420.4188749999998 35.73261 -2.71739 155.744 1420.4188749999998 31.67261 -2.71739 147.066 1420.4188749999998 26.56261 -2.71739 139.42 1420.4188749999998 20.56261 -2.71739 140.368 1420.4188749999998 13.85261 -2.71739 139.618
1420.42825 35.37396 -4.69604 145.791 1420.42825 37.64396 -4.69604 149.353 1420.42825 38.63396 -4.69604 148.318 1420.42825 38.29396 -4.69604 152.117 1420.42825 36.65396 -4.69604 157.388 1420.42825 33.75396 -4.69604 155.682 1420.42825 29.69396 -4.69604 149.235 1420.42825 24.58396 -4.69604 139.732 1420.42825 18.58396 -4.69604 140.247 1420.42825 11.87396 -4.69604 139.652
1420.437625 33.39534 -6.67466 146.011 1420.437625 35.66534 -6.67466 149.756 1420.437625 36.65534 -6.67466 149.299 1420.437625 36.31534 -6.67466 153.359 1420.437625 34.67534 -6.67466 158.92 1420.437625 31.77534 -6.67466 156.292 1420.437625 27.71534 -6.67466 150.756 1420.437625 22.60534 -6.67466 140.732 1420.437625 16.60534 -6.67466 141.01 1420.437625 9.89534 -6.67466 140.079
1420.447 31.41674 -8.65326 146.941 1420.447 33.68674 -8.65326 149.742 1420.447 34.67674 -8.65326 150.033 1420.447 34.33674 -8.65326 153.851 1420.447 32.69674 -8.65326 160.174 1420.447 29.79674 -8.65326 156.368 1420.447 25.73674 -8.65326 151.361 1420.447 20.62674 -8.65326 142.046 1420.447 14.62674 -8.65326 141.704 1420.447 7.91674 -8.65326 142.057
1420.456375 29.43817 -10.63183 147.189 1420.456375 31.70817 -10.63183 150.778 1420.456375 32.69817 -10.63183 150.722 1420.456375 32.35817 -10.63183 155.037 1420.456375 30.71817 -10.63183 163.882 1420.456375 27.81817 -10.63183 157.663 1420.456375 23.75817 -10.63183 154.149 1420.456375 18.64817 -10.63183 143.886 1420.456375 12.64817 -10.63183 143.6 1420.456375 5.93817 -10.63183 143.759
1420.4657499999998 27.45963 -12.61037 147.677 1420.4657499999998 29.72963 -12.61037 152.192 1420.4657499999998 30.71963 -12.61037 152.255 1420.4657499999998 30.37963 -12.61037 156.101 1420.4657499999998 28.73963 -12.61037 166.318 1420.4657499999998 25.83963 -12.61037 159.09 1420.4657499999998 21.77963 -12.61037 154.955 1420.4657499999998 16.66963 -12.61037 146.029 1420.4657499999998 10.66963 -12.61037 145.786 1420.4657499999998 3.95963 -12.61037 145.199
1420.475125 25.48111 -14.58889 148.365 1420.475125 27.75111 -14.58889 153.714 1420.475125 28.74111 -14.58889 153.726 1420.475125 28.40111 -14.58889 156.615 1420.475125 26.76111 -14.58889 168.792 1420.475125 23.86111 -14.58889 159.927 1420.475125 19.80111 -14.58889 156.103 1420.475125 14.69111 -14.58889 147.621 1420.475125 8.69111 -14.58889 148.198 1420.475125 1.98111 -14.58889 148.167
1420.4845 23.50262 -16.56738 148.858 1420.4845 25.77262 -16.56738 155.039 1420.4845 26.76262 -16.56738 155.709 1420.4845 26.42262 -16.56738 156.686 1420.4845 24.78262 -16.56738 170.745 1420.4845 21.88262 -16.56738 162.152 1420.4845 17.82262 -16.56738 157.28 1420.4845 12.71262 -16.56738 151.414 1420.4845 6.71262 -16.56738 152.51 1420.4845 0.00262 -16.56738 152.922
1420.493875 21.52415 -18.54585 149.664 1420.493875 23.79415 -18.54585 156.436 1420.493875 24.78415 -18.54585 158.884 1420.493875 24.44415 -18.54585 157.462 1420.493875 22.80415 -18.54585 172.692 1420.493875 19.90415 -18.54585 163.344 1420.493875 15.84415 -18.54585 158.371 1420.493875 10.73415 -18.54585 155.493 1420.493875 4.73415 -18.54585 157.413 1420.493875 -1.97585 -18.54585 160.7
1420.50325 19.54571 -20.52429 150.855 1420.50325 21.81571 -20.52429 158.563 1420.50325 22.80571 -20.52429 161.237 1420.50325 22.46571 -20.52429 159.484 1420.50325 20.82571 -20.52429 173.376 1420.50325 17.92571 -20.52429 165.815 1420.50325 13.86571 -20.52429 159.992 1420.50325 8.75571 -20.52429 159.004 1420.50325 2.75571 -20.52429 164.922 1420.50325 -3.95429 -20.52429 171.23
1420.5126249999998 17.5673 -22.5027 151.894 1420.5126249999998 19.8373 -22.5027 161.118 1420.5126249999998 20.8273 -22.5027 163.954 1420.5126249999998 20.4873 -22.5027 161.059 1420.5126249999998 18.8473 -22.5027 173.843 1420.5126249999998 15.9473 -22.5027 165.15 1420.5126249999998 11.8873 -22.5027 160.774 1420.5126249999998 6.7773 -22.5027 162.271 1420.5126249999998 0.7773 -22.5027 172.044 1420.5126249999998 -5.9327 -22.5027 180.491
1420.522 15.58891 -24.48109 153.01 1420.522 17.85891 -24.48109 165.615 1420.522 18.84891 -24.48109 166.903 1420.522 18.50891 -24.48109 162.803 1420.522 16.86891 -24.48109 174.397 1420.522 13.96891 -24.48109 166.157 1420.522 9.90891 -24.48109 161.618 1420.522 4.79891 -24.48109 166.188 1420.522 -1.20109 -24.48109 178.775 1420.522 -7.91109 -24.48109 186.469
1420.531375 13.61055 -26.45945 154.822 1420.531375 15.88055 -26.45945 169.629 1420.531375 16.87055 -26.45945 171.49 1420.531375 16.53055 -26.45945 165.758 1420.531375 14.89055 -26.45945 175.146 1420.531375 11.99055 -26.45945 166.536 1420.531375 7.93055 -26.45945 163.308 1420.531375 2.82055 -26.45945 169.798 1420.531375 -3.17945 -26.45945 185.393 1420.531375 -9.88945 -26.45945 192.03
1420.54075 11.63221 -28.43779 155.977 1420.54075 13.90221 -28.43779 172.509 1420.54075 14.89221 -28.43779 175.924 1420.54075 14.55221 -28.43779 168.486 1420.54075 12.91221 -28.43779 174.551 1420.54075 10.01221 -28.43779 167.299 1420.54075 5.95221 -28.43779 165.215 1420.54075 0.84221 -28.43779 172.885 1420.54075 -5.15779 -28.43779 190.027 1420.54075 -11.86779 -28.43779 194.235
1420.550125 9.6539 -30.4161 159.463 1420.550125 11.9239 -30.4161 176.468 1420.550125 12.9139 -30.4161 180.234 1420.550125 12.5739 -30.4161 171.55 1420.550125 10.9339 -30.4161 172.529 1420.550125 8.0339 -30.4161 167.202 1420.550125 3.9739 -30.4161 166.499 1420.550125 -1.1361 -30.4161 176.998 1420.550125 -7.1361 -30.4161 192.724 1420.550125 -13.8461 -30.4161 197.0
1420.5594999999998 7.67562 -32.39438 162.735 1420.5594999999998 9.94562 -32.39438 180.672 1420.5594999999998 10.93562 -32.39438 183.837 1420.5594999999998 10.59562 -32.39438 173.858 1420.5594999999998 8.95562 -32.39438 171.044 1420.5594999999998 6.05562 -32.39438 167.959 1420.5594999999998 1.99562 -32.39438 169.726 1420.5594999999998 -3.11438 -32.39438 180.583 1420.5594999999998 -9.11438 -32.39438 195.045 1420.5594999999998 -15.82438 -32.39438 198.967
1420.568875 5.69736 -34.37264 167.575 1420.568875 7.96736 -34.37264 184.22 1420.568875 8.95736 -34.37264 184.493 1420.568875 8.61736 -34.37264 175.352 1420.568875 6.97736 -34.37264 170.491 1420.568875 4.07736 -34.37264 169.521 1420.568875 0.01736 -34.37264 174.7 1420.568875 -5.09264 -34.37264 183.361 1420.568875 -11.09264 -34.37264 195.122 1420.568875 -17.80264 -34.37264 198.698
1420.57825 3.71913 -36.35087 173.699 1420.57825 5.98913 -36.35087 187.461 1420.57825 6.97913 -36.35087 183.855 1420.57825 6.63913 -36.35087 177.098 1420.57825 4.99913 -36.35087 171.344 1420.57825 2.09913 -36.35087 171.587 1420.57825 -1.96087 -36.35087 182.241 1420.57825 -7.07087 -36.35087 183.649 1420.57825 -13.07087 -36.35087 194.535 1420.57825 -19.78087 -36.35087 199.21
1420.587625 1.74093 -38.32907 179.613 1420.587625 4.01093 -38.32907 190.495 1420.587625 5.00093 -38.32907 183.351 1420.587625 4.66093 -38.32907 179.247 1420.587625 3.02093 -38.32907 172.543 1420.587625 0.12093 -38.32907 172.688 1420.587625 -3.93907 -38.32907 185.632 1420.587625 -9.04907 -38.32907 181.557 1420.587625 -15.04907 -38.32907 191.895 1420.587625 -21.75907 -38.32907 196.164
1420.597 -0.23725 -40.30725 186.699 1420.597 2.03275 -40.30725 191.792 1420.597 3.02275 -40.30725 183.02 1420.597 2.68275 -40.30725 179.755 1420.597 1.04275 -40.30725 173.395 1420.597 -1.85725 -40.30725 173.689 1420.597 -5.91725 -40.30725 184.311 1420.597 -11.02725 -40.30725 176.784 1420.597 -17.02725 -40.30725 189.37 1420.597 -23.73725 -40.30725 193.492
1420.6063749999998 -2.2154 -42.2854 193.612 1420.6063749999998 0.0546 -42.2854 192.87 1420.6063749999998 1.0446 -42.2854 182.07 1420.6063749999998 0.7046 -42.2854 180.748 1420.6063749999998 -0.9354 -42.2854 173.844 1420.6063749999998 -3.8354 -42.2854 178.041 1420.6063749999998 -7.8954 -42.2854 179.028 1420.6063749999998 -13.0054 -42.2854 171.469 1420.6063749999998 -19.0054 -42.2854 183.434 1420.6063749999998 -25.7154 -42.2854 187.07
1420.61575 -4.19353 -44.26353 191.861 1420.61575 -1.92353 -44.26353 190.389 1420.61575 -0.93353 -44.26353 178.5 1420.61575 -1.27353 -44.26353 180.205 1420.61575 -2.91353 -44.26353 175.507 1420.61575 -5.81353 -44.26353 179.642 1420.61575 -9.87353 -44.26353 171.656 1420.61575 -14.98353 -44.26353 165.028 1420.61575 -20.98353 -44.26353 178.165 1420.61575 -27.69353 -44.26353 180.667
1420.625125 -6.17163 -46.24163 187.278 1420.625125 -3.90163 -46.24163 186.773 1420.625125 -2.91163 -46.24163 178.327 1420.625125 -3.25163 -46.24163 182.653 1420.625125 -4.89163 -46.24163 179.458 1420.625125 -7.79163 -46.24163 179.066 1420.625125 -11.85163 -46.24163 165.297 1420.625125 -16.96163 -46.24163 161.633 1420.625125 -22.96163 -46.24163 173.764 1420.625125 -29.67163 -46.24163 175.171
1420.6345 -8.14971 -48.21971 193.47 1420.6345 -5.87971 -48.21971 187.84 1420.6345 -4.88971 -48.21971 182.507 1420.6345 -5.22971 -48.21971 184.981 1420.6345 -6.86971 -48.21971 179.841 1420.6345 -9.76971 -48.21971 174.046 1420.6345 -13.82971 -48.21971 158.586 1420.6345 -18.93971 -48.21971 157.17 1420.6345 -24.93971 -48.21971 169.317 1420.6345 -31.64971 -48.21971 168.67
1420.643875 -10.12775 -50.19775 202.953 1420.643875 -7.85775 -50.19775 191.851 1420.643875 -6.86775 -50.19775 186.707 1420.643875 -7.20775 -50.19775 186.232 1420.643875 -8.84775 -50.19775 175.469 1420.643875 -11.74775 -50.19775 165.911 1420.643875 -15.80775 -50.19775 152.593 1420.643875 -20.91775 -50.19775 153.923 1420.643875 -26.91775 -50.19775 164.047 1420.643875 -33.62775 -50.19775 163.786
1420.6532499999998 -12.10578 -52.17578 201.446 1420.6532499999998 -9.83578 -52.17578 187.289 1420.6532499999998 -8.84578 -52.17578 189.088 1420.6532499999998 -9.18578 -52.17578 183.274 1420.6532499999998 -10.82578 -52.17578 168.13 1420.6532499999998 -13.72578 -52.17578 156.884 1420.6532499999998 -17.78578 -52.17578 150.226 1420.6532499999998 -22.89578 -52.17578 153.294 1420.6532499999998 -28.89578 -52.17578 161.745 1420.6532499999998 -35.60578 -52.17578 160.706
1420.662625 -14.08377 -54.15377 193.577 1420.662625 -11.81377 -54.15377 176.526 1420.662625 -10.82377 -54.15377 182.055 1420.662625 -11.16377 -54.15377 174.014 1420.662625 -12.80377 -54.15377 157.358 1420.662625 -15.70377 -54.15377 148.693 1420.662625 -19.76377 -54.15377 147.178 1420.662625 -24.87377 -54.15377 150.964 1420.662625 -30.87377 -54.15377 156.861 1420.662625 -37.58377 -54.15377 157.09
1420.672 -16.06174 -56.13174 185.085 1420.672 -13.79174 -56.13174 168.537 1420.672 -12.80174 -56.13174 166.435 1420.672 -13.14174 -56.13174 161.173 1420.672 -14.78174 -56.13174 149.87 1420.672 -17.68174 -56.13174 144.717 1420.672 -21.74174 -56.13174 145.642 1420.672 -26.85174 -56.13174 149.869 1420.672 -32.85174 -56.13174 156.51 1420.672 -39.56174 -56.13174 154.948
1420.681375 -18.03969 -58.10969 175.228 1420.681375 -15.76969 -58.10969 164.23 1420.681375 -14.77969 -58.10969 156.716 1420.681375 -15.11969 -58.10969 152.044 1420.681375 -16.75969 -58.10969 146.008 1420.681375 -19.65969 -58.10969 142.751 1420.681375 -23.71969 -58.10969 144.04 1420.681375 -28.82969 -58.10969 148.571 1420.681375 -34.82969 -58.10969 154.072 1420.681375 -41.53969 -58.10969 154.14
1420.69075 -20.0176 -60.0876 169.332 1420.69075 -17.7476 -60.0876 161.775 1420.69075 -16.7576 -60.0876 153.341 1420.69075 -17.0976 -60.0876 148.254 1420.69075 -18.7376 -60.0876 144.153 1420.69075 -21.6376 -60.0876 142.257 1420.69075 -25.6976 -60.0876 143.921 1420.69075 -30.8076 -60.0876 147.009 1420.69075 -36.8076 -60.0876 153.585 1420.69075 -43.5176 -60.0876 152.721
1420.7001249999998 -21.9955 -62.0655 166.161 1420.7001249999998 -19.7255 -62.0655 161.054 1420.7001249999998 -18.7355 -62.0655 152.705 1420.7001249999998 -19.0755 -62.0655 147.546 1420.7001249999998 -20.7155 -62.0655 143.169 1420.7001249999998 -23.6155 -62.0655 143.027 1420.7001249999998 -27.6755 -62.0655 143.077 1420.7001249999998 -32.7855 -62.0655 146.613 1420.7001249999998 -38.7855 -62.0655 152.812 1420.7001249999998 -45.4955 -62.0655 151.621
1420.7095 -23.97336 -64.04336 162.131 1420.7095 -21.70336 -64.04336 159.975 1420.7095 -20.71336 -64.04336 150.973 1420.7095 -21.05336 -64.04336 146.175 1420.7095 -22.69336 -64.04336 143.318 1420.7095 -25.59336 -64.04336 141.44 1420.7095 -29.65336 -64.04336 142.495 1420.7095 -34.76336 -64.04336 144.95 1420.7095 -40.76336 -64.04336 152.191 1420.7095 -47.47336 -64.04336 152.166
1420.718875 -25.9512 -66.0212 159.47 1420.718875 -23.6812 -66.0212 159.53 1420.718875 -22.6912 -66.0212 150.259 1420.718875 -23.0312 -66.0212 145.481 1420.718875 -24.6712 -66.0212 143.557 1420.718875 -27.5712 -66.0212 141.521 1420.718875 -31.6312 -66.0212 141.444 1420.718875 -36.7412 -66.0212 144.821 1420.718875 -42.7412 -66.0212 152.789 1420.718875 -49.4512 -66.0212 151.779
1420.72825 -27.92901 -67.99901 156.99 1420.72825 -25.65901 -67.99901 159.683 1420.72825 -24.66901 -67.99901 150.305 1420.72825 -25.00901 -67.99901 145.853 1420.72825 -26.64901 -67.99901 143.539 1420.72825 -29.54901 -67.99901 141.577 1420.72825 -33.60901 -67.99901 141.181 1420.72825 -38.71901 -67.99901 143.881 1420.72825 -44.71901 -67.99901 152.992 1420.72825 -51.42901 -67.99901 152.431
1420.737625 -29.9068 -69.9768 154.946 1420.737625 -27.6368 -69.9768 157.57 1420.737625 -26.6468 -69.9768 150.298 1420.737625 -26.9868 -69.9768 145.876 1420.737625 -28.6268 -69.9768 143.591 1420.737625 -31.5268 -69.9768 141.64 1420.737625 -35.5868 -69.9768 141.06 1420.737625 -40.6968 -69.9768 143.673 1420.737625 -46.6968 -69.9768 152.323 1420.737625 -53.4068 -69.9768 153.12
1420.7469999999998 -31.88456 -71.95456 153.411 1420.7469999999998 -29.61456 -71.95456 156.153 1420.7469999999998 -28.62456 -71.95456 149.748 1420.7469999999998 -28.96456 -71.95456 145.781 1420.7469999999998 -30.60456 -71.95456 143.876 1420.7469999999998 -33.50456 -71.95456 142.017 1420.7469999999998 -37.56456 -71.95456 140.257 1420.7469999999998 -42.67456 -71.95456 142.02 1420.7469999999998 -48.67456 -71.95456 151.739 1420.7469999999998 -55.38456 -71.95456 153.161
1420.756375 -33.8623 -73.9323 152.216 1420.756375 -31.5923 -73.9323 154.039 1420.756375 -30.6023 -73.9323 149.936 1420.756375 -30.9423 -73.9323 146.403 1420.756375 -32.5823 -73.9323 143.798 1420.756375 -35.4823 -73.9323 141.635 1420.756375 -39.5423 -73.9323 140.464 1420.756375 -44.6523 -73.9323 141.626 1420.756375 -50.6523 -73.9323 152.162 1420.756375 -57.3623 -73.9323 153.338
1420.76575 -35.84001 -75.91001 151.127 1420.76575 -33.57001 -75.91001 152.502 1420.76575 -32.58001 -75.91001 150.136 1420.76575 -32.92001 -75.91001 146.726 1420.76575 -34.56001 -75.91001 144.338 1420.76575 -37.46001 -75.91001 141.422 1420.76575 -41.52001 -75.91001 140.317 1420.76575 -46.63001 -75.91001 141.806 1420.76575 -52.63001 -75.91001 152.438 1420.76575 -59.34001 -75.91001 153.536
1420.775125 -37.81769 -77.88769 150.974 1420.775125 -35.54769 -77.88769 151.357 1420.775125 -34.55769 -77.88769 150.179 1420.775125 -34.89769 -77.88769 147.007 1420.775125 -36.53769 -77.88769 145.994 1420.775125 -39.43769 -77.88769 142.96 1420.775125 -43.49769 -77.88769 140.057 1420.775125 -48.60769 -77.88769 141.649 1420.775125 -54.60769 -77.88769 151.408 1420.775125 -61.31769 -77.88769 154.618
1420.7845 -39.79535 -79.86535 149.602 1420.7845 -37.52535 -79.86535 149.498 1420.7845 -36.53535 -79.86535 150.298 1420.7845 -36.87535 -79.86535 147.535 1420.7845 -38.51535 -79.86535 146.842 1420.7845 -41.41535 -79.86535 143.483 1420.7845 -45.47535 -79.86535 140.845 1420.7845 -50.58535 -79.86535 141.461 1420.7845 -56.58535 -79.86535 151.544 1420.7845 -63.29535 -79.86535 154.302
1420.7938749999998 -41.77298 -81.84298 148.66 1420.7938749999998 -39.50298 -81.84298 148.442 1420.7938749999998 -38.51298 -81.84298 149.905 1420.7938749999998 -38.85298 -81.84298 147.739 1420.7938749999998 -40.49298 -81.84298 147.197 1420.7938749999998 -43.39298 -81.84298 143.426 1420.7938749999998 -47.45298 -81.84298 140.589 1420.7938749999998 -52.56298 -81.84298 141.517 1420.7938749999998 -58.56298 -81.84298 149.899 1420.7938749999998 -65.27298 -81.84298 153.193
1420.80325 -43.75058 -83.82058 148.192 1420.80325 -41.48058 -83.82058 147.628 1420.80325 -40.49058 -83.82058 149.831 1420.80325 -40.83058 -83.82058 149.408 1420.80325 -42.47058 -83.82058 148.156 1420.80325 -45.37058 -83.82058 143.912 1420.80325 -49.43058 -83.82058 140.537 1420.80325 -54.54058 -83.82058 141.445 1420.80325 -60.54058 -83.82058 149.259 1420.80325 -67.25058 -83.82058 152.855
1420.812625 -45.72816 -85.79816 147.54 1420.812625 -43.45816 -85.79816 146.23 1420.812625 -42.46816 -85.79816 149.661 1420.812625 -42.80816 -85.79816 149.04 1420.812625 -44.44816 -85.79816 148.726 1420.812625 -47.34816 -85.79816 144.267 1420.812625 -51.40816 -85.79816 140.801 1420.812625 -56.51816 -85.79816 141.931 1420.812625 -62.51816 -85.79816 148.272 1420.812625 -69.22816 -85.79816 152.126
1420.822 -47.70571 -87.77571 147.316 1420.822 -45.43571 -87.77571 145.878 1420.822 -44.44571 -87.77571 149.658 1420.822 -44.78571 -87.77571 150.464 1420.822 -46.42571 -87.77571 148.764 1420.822 -49.32571 -87.77571 146.157 1420.822 -53.38571 -87.77571 142.389 1420.822 -58.49571 -87.77571 142.391 1420.822 -64.49571 -87.77571 147.995 1420.822 -71.20571 -87.77571 152.068
1420.831375 -49.68324 -89.75324 146.935 1420.831375 -47.41324 -89.75324 144.954 1420.831375 -46.42324 -89.75324 148.08 1420.831375 -46.76324 -89.75324 150.994 1420.831375 -48.40324 -89.75324 149.225 1420.831375 -51.30324 -89.75324 145.597 1420.831375 -55.36324 -89.75324 142.817 1420.831375 -60.47324 -89.75324 142.91 1420.831375 -66.47324 -89.75324 147.549 1420.831375 -73.18324 -89.75324 150.589
1420.8407499999998 -51.66074 -91.73074 147.068 1420.8407499999998 -49.39074 -91.73074 144.727 1420.8407499999998 -48.40074 -91.73074 148.299 1420.8407499999998 -48.74074 -91.73074 151.261 1420.8407499999998 -50.38074 -91.73074 149.091 1420.8407499999998 -53.28074 -91.73074 145.786 1420.8407499999998 -57.34074 -91.73074 144.878 1420.8407499999998 -62.45074 -91.73074 144.473 1420.8407499999998 -68.45074 -91.73074 147.49 1420.8407499999998 -75.16074 -91.73074 150.203
1420.850125 -53.63821 -93.70821 146.706 1420.850125 -51.36821 -93.70821 146.001 1420.850125 -50.37821 -93.70821 146.162 1420.850125 -50.71821 -93.70821 151.887 1420.850125 -52.35821 -93.70821 149.524 1420.850125 -55.25821 -93.70821 146.044 1420.850125 -59.31821 -93.70821 146.951 1420.850125 -64.42821 -93.70821 145.882 1420.850125 -70.42821 -93.70821 150.155 1420.850125 -77.13821 -93.70821 151.252
1420.8595 -55.61566 -95.68566 145.839 1420.8595 -53.34566 -95.68566 144.828 1420.8595 -52.35566 -95.68566 144.685 1420.8595 -52.69566 -95.68566 152.389 1420.8595 -54.33566 -95.68566 149.138 1420.8595 -57.23566 -95.68566 145.94 1420.8595 -61.29566 -95.68566 147.067 1420.8595 -66.40566 -95.68566 145.723 1420.8595 -72.40566 -95.68566 150.895 1420.8595 -79.11566 -95.68566 152.73
1420.868875 -57.59308 -97.66308 145.693 1420.868875 -55.32308 -97.66308 143.707 1420.868875 -54.33308 -97.66308 143.677 1420.868875 -54.67308 -97.66308 151.653 1420.868875 -56.31308 -97.66308 148.217 1420.868875 -59.21308 -97.66308 146.731 1420.868875 -63.27308 -97.66308 148.271 1420.868875 -68.38308 -97.66308 146.403 1420.868875 -74.38308 -97.66308 151.486 1420.868875 -81.09308 -97.66308 153.592
1420.87825 -59.57048 -99.64048 146.043 1420.87825 -57.30048 -99.64048 144.176 1420.87825 -56.31048 -99.64048 143.573 1420.87825 -56.65048 -99.64048 152.192 1420.87825 -58.29048 -99.64048 150.221 1420.87825 -61.19048 -99.64048 147.057 1420.87825 -65.25048 -99.64048 149.121 1420.87825 -70.36048 -99.64048 148.8 1420.87825 -76.36048 -99.64048 152.877 1420.87825 -83.07048 -99.64048 154.951
1420.8876249999998 -61.54785 -101.61785 146.145 1420.8876249999998 -59.27785 -101.61785 143.383 1420.8876249999998 -58.28785 -101.61785 142.646 1420.8876249999998 -58.62785 -101.61785 150.555 1420.8876249999998 -60.26785 -101.61785 150.571 1420.8876249999998 -63.16785 -101.61785 147.157 1420.8876249999998 -67.22785 -101.61785 149.455 1420.8876249999998 -72.33785 -101.61785 150.528 1420.8876249999998 -78.33785 -101.61785 154.066 1420.8876249999998 -85.04785 -101.61785 156.658
1420.897 -63.52519 -103.59519 145.439 1420.897 -61.25519 -103.59519 144.058 1420.897 -60.26519 -103.59519 142.203 1420.897 -60.60519 -103.59519 149.964 1420.897 -62.24519 -103.59519 151.792 1420.897 -65.14519 -103.59519 148.467 1420.897 -69.20519 -103.59519 149.765 1420.897 -74.31519 -103.59519 153.262 1420.897 -80.31519 -103.59519 156.066 1420.897 -87.02519 -103.59519 158.562
1420.906375 -65.50251 -105.57251 145.859 1420.906375 -63.23251 -105.57251 142.898 1420.906375 -62.24251 -105.57251 142.029 1420.906375 -62.58251 -105.57251 148.3 1420.906375 -64.22251 -105.57251 152.422 1420.906375 -67.12251 -105.57251 147.32 1420.906375 -71.18251 -105.57251 150.082 1420.906375 -76.29251 -105.57251 154.46 1420.906375 -82.29251 -105.57251 157.254 1420.906375 -89.00251 -105.57251 159.195
1420.91575 -67.4798 -107.5498 145.333 1420.91575 -65.2098 -107.5498 143.351 1420.91575 -64.2198 -107.5498 142.145 1420.91575 -64.5598 -107.5498 146.533 1420.91575 -66.1998 -107.5498 152.456 1420.91575 -69.0998 -107.5498 147.275 1420.91575 -73.1598 -107.5498 149.828 1420.91575 -78.2698 -107.5498 155.598 1420.91575 -84.2698 -107.5498 158.255 1420.91575 -90.9798 -107.5498 160.089
1420.925125 -69.45707 -109.52707 145.61 1420.925125 -67.18707 -109.52707 142.792 1420.925125 -66.19707 -109.52707 141.797 1420.925125 -66.53707 -109.52707 145.266 1420.925125 -68.17707 -109.52707 152.879 1420.925125 -71.07707 -109.52707 147.108 1420.925125 -75.13707 -109.52707 150.35 1420.925125 -80.24707 -109.52707 156.057 1420.925125 -86.24707 -109.52707 158.679 1420.925125 -92.95707 -109.52707 160.287
1420.9344999999998 -71.43431 -111.50431 145.818 1420.9344999999998 -69.16431 -111.50431 143.029 1420.9344999999998 -68.17431 -111.50431 141.049 1420.9344999999998 -68.51431 -111.50431 144.833 1420.9344999999998 -70.15431 -111.50431 152.977 1420.9344999999998 -73.05431 -111.50431 147.297 1420.9344999999998 -77.11431 -111.50431 150.703 1420.9344999999998 -82.22431 -111.50431 156.16 1420.9344999999998 -88.22431 -111.50431 158.488 1420.9344999999998 -94.93431 -111.50431 158.458
1420.943875 -73.41152 -113.48152 146.073 1420.943875 -71.14152 -113.48152 142.991 1420.943875 -70.15152 -113.48152 141.414 1420.943875 -70.49152 -113.48152 143.357 1420.943875 -72.13152 -113.48152 150.433 1420.943875 -75.03152 -113.48152 147.443 1420.943875 -79.09152 -113.48152 150.143 1420.943875 -84.20152 -113.48152 155.084 1420.943875 -90.20152 -113.48152 158.945 1420.943875 -96.91152 -113.48152 156.733
1420.95325 -75.38871 -115.45871 145.707 1420.95325 -73.11871 -115.45871 143.383 1420.95325 -72.12871 -115.45871 141.264 1420.95325 -72.46871 -115.45871 142.932 1420.95325 -74.10871 -115.45871 148.515 1420.95325 -77.00871 -115.45871 146.962 1420.95325 -81.06871 -115.45871 149.769 1420.95325 -86.17871 -115.45871 153.293 1420.95325 -92.17871 -115.45871 157.796 1420.95325 -98.88871 -115.45871 156.293
1420.962625 -77.36587 -117.43587 145.248 1420.962625 -75.09587 -117.43587 142.917 1420.962625 -74.10587 -117.43587 140.804 1420.962625 -74.44587 -117.43587 142.365 1420.962625 -76.08587 -117.43587 146.65 1420.962625 -78.98587 -117.43587 147.029 1420.962625 -83.04587 -117.43587 148.494 1420.962625 -88.15587 -117.43587 150.728 1420.962625 -94.15587 -117.43587 156.457 1420.962625 -100.86587 -117.43587 155.585
1420.972 -79.343 -119.413 145.21 1420.972 -77.073 -119.413 143.047 1420.972 -76.083 -119.413 141.013 1420.972 -76.423 -119.413 142.035 1420.972 -78.063 -119.413 145.77 1420.972 -80.963 -119.413 146.914 1420.972 -85.023 -119.413 149.054 1420.972 -90.133 -119.413 149.371 1420.972 -96.133 -119.413 154.595 1420.972 -102.843 -119.413 155.47
1420.9813749999998 -81.32011 -121.39011 145.241 1420.9813749999998 -79.05011 -121.39011 143.756 1420.9813749999998 -78.06011 -121.39011 141.895 1420.9813749999998 -78.40011 -121.39011 142.031 1420.9813749999998 -80.04011 -121.39011 144.347 1420.9813749999998 -82.94011 -121.39011 147.296 1420.9813749999998 -87.00011 -121.39011 149.895 1420.9813749999998 -92.11011 -121.39011 147.854 1420.9813749999998 -98.11011 -121.39011 153.845 1420.9813749999998 -104.82011 -121.39011 155.522
1420.99075 -83.29719 -123.36719 145.099 1420.99075 -81.02719 -123.36719 143.242 1420.99075 -80.03719 -123.36719 141.589 1420.99075 -80.37719 -123.36719 141.558 1420.99075 -82.01719 -123.36719 143.329 1420.99075 -84.91719 -123.36719 146.208 1420.99075 -88.97719 -123.36719 148.81 1420.99075 -94.08719 -123.36719 145.642 1420.99075 -100.08719 -123.36719 151.196 1420.99075 -106.79719 -123.36719 154.277
1421.000125 -85.27425 -125.34425 144.81 1421.000125 -83.00425 -125.34425 143.323 1421.000125 -82.01425 -125.34425 140.919 1421.000125 -82.35425 -125.34425 141.481 1421.000125 -83.99425 -125.34425 142.4 1421.000125 -86.89425 -125.34425 145.875 1421.000125 -90.95425 -125.34425 148.005 1421.000125 -96.06425 -125.34425 145.415 1421.000125 -102.06425 -125.34425 149.222 1421.000125 -108.77425 -125.34425 151.225
1421.0095 -87.25128 -127.32128 144.808 1421.0095 -84.98128 -127.32128 143.054 1421.0095 -83.99128 -127.32128 140.979 1421.0095 -84.33128 -127.32128 141.391 1421.0095 -85.97128 -127.32128 141.761 1421.0095 -88.87128 -127.32128 145.175 1421.0095 -92.93128 -127.32128 146.735 1421.0095 -98.04128 -127.32128 145.504 1421.0095 -104.04128 -127.32128 147.63 1421.0095 -110.75128 -127.32128 149.127
1421.018875 -89.22828 -129.29828 145.456 1421.018875 -86.95828 -129.29828 143.274 1421.018875 -85.96828 -129.29828 141.494 1421.018875 -86.30828 -129.29828 141.693 1421.018875 -87.94828 -129.29828 142.177 1421.018875 -90.84828 -129.29828 145.627 1421.018875 -94.90828 -129.29828 145.828 1421.018875 -100.01828 -129.29828 145.136 1421.018875 -106.01828 -129.29828 146.491 1421.018875 -112.72828 -129.29828 147.494
1421.0282499999998 -91.20526 -131.27526 145.058 1421.0282499999998 -88.93526 -131.27526 143.211 1421.0282499999998 -87.94526 -131.27526 141.578 1421.0282499999998 -88.28526 -131.27526 141.06 1421.0282499999998 -89.92526 -131.27526 141.238 1421.0282499999998 -92.82526 -131.27526 143.815 1421.0282499999998 -96.88526 -131.27526 145.157 1421.0282499999998 -101.99526 -131.27526 144.357 1421.0282499999998 -107.99526 -131.27526 145.529 1421.0282499999998 -114.70526 -131.27526 146.783
1421.037625 -93.18222 -133.25222 144.795 1421.037625 -90.91222 -133.25222 143.528 1421.037625 -89.92222 -133.25222 141.485 1421.037625 -90.26222 -133.25222 141.363 1421.037625 -91.90222 -133.25222 141.702 1421.037625 -94.80222 -133.25222 142.513 1421.037625 -98.86222 -133.25222 144.461 1421.037625 -103.97222 -133.25222 143.848 1421.037625 -109.97222 -133.25222 144.642 1421.037625 -116.68222 -133.25222 145.597
1421.047 -95.15914 -135.22914 145.386 1421.047 -92.88914 -135.22914 143.15 1421.047 -91.89914 -135.22914 140.339 1421.047 -92.23914 -135.22914 141.344 1421.047 -93.87914 -135.22914 141.792 1421.047 -96.77914 -135.22914 141.786 1421.047 -100.83914 -135.22914 144.261 1421.047 -105.94914 -135.22914 143.136 1421.047 -111.94914 -135.22914 144.101 1421.047 -118.65914 -135.22914 144.602
1421.056375 -97.13604 -137.20604 144.951 1421.056375 -94.86604 -137.20604 143.678 1421.056375 -93.87604 -137.20604 141.071 1421.056375 -94.21604 -137.20604 141.283 1421.056375 -95.85604 -137.20604 141.187 1421.056375 -98.75604 -137.20604 141.177 1421.056375 -102.81604 -137.20604 144.33 1421.056375 -107.92604 -137.20604 143.527 1421.056375 -113.92604 -137.20604 143.759 1421.056375 -120.63604 -137.20604 144.278
1421.06575 -99.11292 -139.18292 144.237 1421.06575 -96.84292 -139.18292 143.218 1421.06575 -95.85292 -139.18292 141.11 1421.06575 -96.19292 -139.18292 141.483 1421.06575 -97.83292 -139.18292 140.83 1421.06575 -100.73292 -139.18292 141.354 1421.06575 -104.79292 -139.18292 143.365 1421.06575 -109.90292 -139.18292 142.999 1421.06575 -115.90292 -139.18292 144.484 1421.06575 -122.61292 -139.18292 144.102
1421.0751249999998 -101.08976 -141.15976 145.05 1421.0751249999998 -98.81976 -141.15976 143.419 1421.0751249999998 -97.82976 -141.15976 141.136 1421.0751249999998 -98.16976 -141.15976 141.302 1421.0751249999998 -99.80976 -141.15976 140.991 1421.0751249999998 -102.70976 -141.15976 140.141 1421.0751249999998 -106.76976 -141.15976 144.114 1421.0751249999998 -111.87976 -141.15976 142.423 1421.0751249999998 -117.87976 -141.15976 144.078 1421.0751249999998 -124.58976 -141.15976 144.613
1421.0845 -103.06659 -143.13659 145.331 1421.0845 -100.79659 -143.13659 143.913 1421.0845 -99.80659 -143.13659 141.521 1421.0845 -100.14659 -143.13659 141.786 1421.0845 -101.78659 -143.13659 140.561 1421.0845 -104.68659 -143.13659 139.349 1421.0845 -108.74659 -143.13659 143.205 1421.0845 -113.85659 -143.13659 143.265 1421.0845 -119.85659 -143.13659 143.651 1421.0845 -126.56659 -143.13659 143.969
1421.093875 -105.04338 -145.11338 145.225 1421.093875 -102.77338 -145.11338 143.318 1421.093875 -101.78338 -145.11338 141.229 1421.093875 -102.12338 -145.11338 141.699 1421.093875 -103.76338 -145.11338 140.701 1421.093875 -106.66338 -145.11338 139.814 1421.093875 -110.72338 -145.11338 141.576 1421.093875 -115.83338 -145.11338 143.441 1421.093875 -121.83338 -145.11338 144.197 1421.093875 -128.54338 -145.11338 143.765
1421.10325 -107.02015 -147.09015 144.68 1421.10325 -104.75015 -147.09015 144.121 1421.10325 -103.76015 -147.09015 141.624 1421.10325 -104.10015 -147.09015 141.662 1421.10325 -105.74015 -147.09015 141.491 1421.10325 -108.64015 -147.09015 141.199 1421.10325 -112.70015 -147.09015 141.562 1421.10325 -117.81015 -147.09015 143.2 1421.10325 -123.81015 -147.09015 144.261 1421.10325 -130.52015 -147.09015 142.401
1421.112625 -108.99689 -149.06689 144.552 1421.112625 -106.72689 -149.06689 143.342 1421.112625 -105.73689 -149.06689 141.524 1421.112625 -106.07689 -149.06689 141.547 1421.112625 -107.71689 -149.06689 141.188 1421.112625 -110.61689 -149.06689 139.37 1421.112625 -114.67689 -149.06689 140.814 1421.112625 -119.78689 -149.06689 142.505 1421.112625 -125.78689 -149.06689 144.474 1421.112625 -132.49689 -149.06689 142.316
1421.1219999999998 -110.97361 -151.04361 144.553 1421.1219999999998 -108.70361 -151.04361 144.116 1421.1219999999998 -107.71361 -151.04361 141.649 1421.1219999999998 -108.05361 -151.04361 141.886 1421.1219999999998 -109.69361 -151.04361 141.027 1421.1219999999998 -112.59361 -151.04361 139.316 1421.1219999999998 -116.65361 -151.04361 140.162 1421.1219999999998 -121.76361 -151.04361 142.06 1421.1219999999998 -127.76361 -151.04361 143.692 1421.1219999999998 -134.47361 -151.04361 140.731
1421.131375 -112.9503 -153.0203 145.215 1421.131375 -110.6803 -153.0203 143.069 1421.131375 -109.6903 -153.0203 141.045 1421.131375 -110.0303 -153.0203 141.38 1421.131375 -111.6703 -153.0203 140.239 1421.131375 -114.5703 -153.0203 139.772 1421.131375 -118.6303 -153.0203 139.474 1421.131375 -123.7403 -153.0203 141.307 1421.131375 -129.7403 -153.0203 142.541 1421.131375 -136.4503 -153.0203 140.641
1421.14075 -114.92697 -154.99697 145.013 1421.14075 -112.65697 -154.99697 143.589 1421.14075 -111.66697 -154.99697 141.917 1421.14075 -112.00697 -154.99697 141.042 1421.14075 -113.64697 -154.99697 140.331 1421.14075 -116.54697 -154.99697 139.976 1421.14075 -120.60697 -154.99697 139.388 1421.14075 -125.71697 -154.99697 140.264 1421.14075 -131.71697 -154.99697 142.719 1421.14075 -138.42697 -154.99697 141.013
1421.150125 -116.90361 -156.97361 143.932 1421.150125 -114.63361 -156.97361 142.9 1421.150125 -113.64361 -156.97361 142.01 1421.150125 -113.98361 -156.97361 140.742 1421.150125 -115.62361 -156.97361 141.401 1421.150125 -118.52361 -156.97361 139.554 1421.150125 -122.58361 -156.97361 138.485 1421.150125 -127.69361 -156.97361 139.587 1421.150125 -133.69361 -156.97361 142.396 1421.150125 -140.40361 -156.97361 139.895
1421.1595 -118.88022 -158.95022 144.493 1421.1595 -116.61022 -158.95022 142.681 1421.1595 -115.62022 -158.95022 141.359 1421.1595 -115.96022 -158.95022 140.971 1421.1595 -117.60022 -158.95022 140.721 1421.1595 -120.50022 -158.95022 139.391 1421.1595 -124.56022 -158.95022 138.79 1421.1595 -129.67022 -158.95022 138.848 1421.1595 -135.67022 -158.95022 141.825 1421.1595 -142.38022 -158.95022 140.33
1421.1688749999998 -120.85681 -160.92681 145.177 1421.1688749999998 -118.58681 -160.92681 143.654 1421.1688749999998 -117.59681 -160.92681 141.084 1421.1688749999998 -117.93681 -160.92681 141.398 1421.1688749999998 -119.57681 -160.92681 140.458 1421.1688749999998 -122.47681 -160.92681 139.049 1421.1688749999998 -126.53681 -160.92681 137.857 1421.1688749999998 -131.64681 -160.92681 137.976 1421.1688749999998 -137.64681 -160.92681 141.122 1421.1688749999998 -144.35681 -160.92681 139.771
1421.17825 -122.83337 -162.90337 144.51 1421.17825 -120.56337 -162.90337 144.048 1421.17825 -119.57337 -162.90337 142.048 1421.17825 -119.91337 -162.90337 141.71 1421.17825 -121.55337 -162.90337 141.261 1421.17825 -124.45337 -162.90337 139.586 1421.17825 -128.51337 -162.90337 138.236 1421.17825 -133.62337 -162.90337 137.895 1421.17825 -139.62337 -162.90337 141.805 1421.17825 -146.33337 -162.90337 139.713
1421.187625 -124.8099 -164.8799 145.041 1421.187625 -122.5399 -164.8799 143.01 1421.187625 -121.5499 -164.8799 141.497 1421.187625 -121.8899 -164.8799 140.662 1421.187625 -123.5299 -164.8799 140.315 1421.187625 -126.4299 -164.8799 139.259 1421.187625 -130.4899 -164.8799 138.19 1421.187625 -135.5999 -164.8799 138.338 1421.187625 -141.5999 -164.8799 140.724 1421.187625 -148.3099 -164.8799 139.264
1421.197 -126.78641 -166.85641 144.819 1421.197 -124.51641 -166.85641 143.252 1421.197 -123.52641 -166.85641 141.88 1421.197 -123.86641 -166.85641 141.157 1421.197 -125.50641 -166.85641 140.715 1421.197 -128.40641 -166.85641 139.053 1421.197 -132.46641 -166.85641 137.733 1421.197 -137.57641 -166.85641 137.734 1421.197 -143.57641 -166.85641 140.3 1421.197 -150.28641 -166.85641 139.551
1421.206375 -128.7629 -168.8329 144.466 1421.206375 -126.4929 -168.8329 143.343 1421.206375 -125.5029 -168.8329 141.496 1421.206375 -125.8429 -168.8329 140.902 1421.206375 -127.4829 -168.8329 140.471 1421.206375 -130.3829 -168.8329 139.304 1421.206375 -134.4429 -168.8329 137.512 1421.206375 -139.5529 -168.8329 137.832 1421.206375 -145.5529 -168.8329 140.585 1421.206375 -152.2629 -168.8329 139.303
1421.2157499999998 -130.73935 -170.80935 144.491 1421.2157499999998 -128.46935 -170.80935 143.972 1421.2157499999998 -127.47935 -170.80935 141.049 1421.2157499999998 -127.81935 -170.80935 141.423 1421.2157499999998 -129.45935 -170.80935 140.954 1421.2157499999998 -132.35935 -170.80935 140.434 1421.2157499999998 -136.41935 -170.80935 138.519 1421.2157499999998 -141.52935 -170.80935 137.73 1421.2157499999998 -147.52935 -170.80935 141.208 1421.2157499999998 -154.23935 -170.80935 139.284
1421.225125 -132.71578 -172.78578 144.474 1421.225125 -130.44578 -172.78578 143.652 1421.225125 -129.45578 -172.78578 141.788 1421.225125 -129.79578 -172.78578 141.234 1421.225125 -131.43578 -172.78578 140.592 1421.225125 -134.33578 -172.78578 139.15 1421.225125 -138.39578 -172.78578 138.003 1421.225125 -143.50578 -172.78578 137.798 1421.225125 -149.50578 -172.78578 139.695 1421.225125 -156.21578 -172.78578 138.708
1421.2345 -134.69219 -174.76219 144.659 1421.2345 -132.42219 -174.76219 144.115 1421.2345 -131.43219 -174.76219 141.413 1421.2345 -131.77219 -174.76219 141.329 1421.2345 -133.41219 -174.76219 140.295 1421.2345 -136.31219 -174.76219 139.482 1421.2345 -140.37219 -174.76219 138.006 1421.2345 -145.48219 -174.76219 137.571 1421.2345 -151.48219 -174.76219 139.945 1421.2345 -158.19219 -174.76219 139.331
1421.243875 -136.66857 -176.73857 144.297 1421.243875 -134.39857 -176.73857 143.522 1421.243875 -133.40857 -176.73857 141.789 1421.243875 -133.74857 -176.73857 140.95 1421.243875 -135.38857 -176.73857 140.903 1421.243875 -138.28857 -176.73857 139.814 1421.243875 -142.34857 -176.73857 137.704 1421.243875 -147.45857 -176.73857 137.99 1421.243875 -153.45857 -176.73857 140.391 1421.243875 -160.16857 -176.73857 139.186
1421.25325 -138.64492 -178.71492 144.208 1421.25325 -136.37492 -178.71492 143.848 1421.25325 -135.38492 -178.71492 141.748 1421.25325 -135.72492 -178.71492 141.802 1421.25325 -137.36492 -178.71492 140.376 1421.25325 -140.26492 -178.71492 138.854 1421.25325 -144.32492 -178.71492 137.711 1421.25325 -149.43492 -178.71492 137.867 1421.25325 -155.43492 -178.71492 140.116 1421.25325 -162.14492 -178.71492 138.522
1421.2626249999998 -140.62125 -180.69125 145.135 1421.2626249999998 -138.35125 -180.69125 143.334 1421.2626249999998 -137.36125 -180.69125 141.694 1421.2626249999998 -137.70125 -180.69125 141.48 1421.2626249999998 -139.34125 -180.69125 140.4 1421.2626249999998 -142.24125 -180.69125 139.661 1421.2626249999998 -146.30125 -180.69125 137.375 1421.2626249999998 -151.41125 -180.69125 137.464 1421.2626249999998 -157.41125 -180.69125 140.258 1421.2626249999998 -164.12125 -180.69125 138.887
1421.272 -142.59755 -182.66755 144.563 1421.272 -140.32755 -182.66755 143.883 1421.272 -139.33755 -182.66755 141.209 1421.272 -139.67755 -182.66755 141.302 1421.272 -141.31755 -182.66755 141.339 1421.272 -144.21755 -182.66755 139.123 1421.272 -148.27755 -182.66755 137.666 1421.272 -153.38755 -182.66755 137.672 1421.272 -159.38755 -182.66755 140.263 1421.272 -166.09755 -182.66755 138.594
1421.281375 -144.57382 -184.64382 144.457 1421.281375 -142.30382 -184.64382 143.067 1421.281375 -141.31382 -184.64382 141.633 1421.281375 -141.65382 -184.64382 141.205 1421.281375 -143.29382 -184.64382 141.156 1421.281375 -146.19382 -184.64382 139.099 1421.281375 -150.25382 -184.64382 137.37 1421.281375 -155.36382 -184.64382 137.28 1421.281375 -161.36382 -184.64382 140.015 1421.281375 -168.07382 -184.64382 139.616
1421.29075 -146.55007 -186.62007 144.682 1421.29075 -144.28007 -186.62007 143.428 1421.29075 -143.29007 -186.62007 141.748 1421.29075 -143.63007 -186.62007 140.501 1421.29075 -145.27007 -186.62007 141.516 1421.29075 -148.17007 -186.62007 139.615 1421.29075 -152.23007 -186.62007 137.614 1421.29075 -157.34007 -186.62007 137.886 1421.29075 -163.34007 -186.62007 140.587 1421.29075 -170.05007 -186.62007 138.654
1421.300125 -148.52629 -188.59629 144.586 1421.300125 -146.25629 -188.59629 143.669 1421.300125 -145.26629 -188.59629 142.502 1421.300125 -145.60629 -188.59629 141.79 1421.300125 -147.24629 -188.59629 141.21 1421.300125 -150.14629 -188.59629 140.583 1421.300125 -154.20629 -188.59629 138.536 1421.300125 -159.31629 -188.59629 138.059 1421.300125 -165.31629 -188.59629 141.056 1421.300125 -172.02629 -188.59629 139.219
1421.3094999999998 -150.50249 -190.57249 144.955 1421.3094999999998 -148.23249 -190.57249 143.582 1421.3094999999998 -147.24249 -190.57249 141.859 1421.3094999999998 -147.58249 -190.57249 141.207 1421.3094999999998 -149.22249 -190.57249 140.944 1421.3094999999998 -152.12249 -190.57249 139.599 1421.3094999999998 -156.18249 -190.57249 138.075 1421.3094999999998 -161.29249 -190.57249 137.842 1421.3094999999998 -167.29249 -190.57249 140.073 1421.3094999999998 -174.00249 -190.57249 138.997
1421.318875 -152.47866 -192.54866 151.124 1421.318875 -150.20866 -192.54866 144.021 1421.318875 -149.21866 -192.54866 143.935 1421.318875 -149.55866 -192.54866 141.456 1421.318875 -151.19866 -192.54866 141.653 1421.318875 -154.09866 -192.54866 140.045 1421.318875 -158.15866 -192.54866 140.877 1421.318875 -163.26866 -192.54866 137.97 1421.318875 -169.26866 -192.54866 140.79 1421.318875 -175.97866 -192.54866 139.575
1421.32825 -154.4548 -194.5248 149.797 1421.32825 -152.1848 -194.5248 144.588 1421.32825 -151.1948 -194.5248 143.913 1421.32825 -151.5348 -194.5248 141.751 1421.32825 -153.1748 -194.5248 140.866 1421.32825 -156.0748 -194.5248 140.645 1421.32825 -160.1348 -194.5248 140.45 1421.32825 -165.2448 -194.5248 138.161 1421.32825 -171.2448 -194.5248 140.969 1421.32825 -177.9548 -194.5248 139.538
1421.337625 -156.43092 -196.50092 144.166 1421.337625 -154.16092 -196.50092 143.616 1421.337625 -153.17092 -196.50092 142.076 1421.337625 -153.51092 -196.50092 141.33 1421.337625 -155.15092 -196.50092 140.538 1421.337625 -158.05092 -196.50092 139.825 1421.337625 -162.11092 -196.50092 138.85 1421.337625 -167.22092 -196.50092 138.033 1421.337625 -173.22092 -196.50092 140.491 1421.337625 -179.93092 -196.50092 138.674
1421.347 -158.40701 -198.47701 144.183 1421.347 -156.13701 -198.47701 144.002 1421.347 -155.14701 -198.47701 141.899 1421.347 -155.48701 -198.47701 141.35 1421.347 -157.12701 -198.47701 140.917 1421.347 -160.02701 -198.47701 139.298 1421.347 -164.08701 -198.47701 138.062 1421.347 -169.19701 -198.47701 137.569 1421.347 -175.19701 -198.47701 140.513 1421.347 -181.90701 -198.47701 138.724
1421.3563749999998 -160.38308 -200.45308 144.74 1421.3563749999998 -158.11308 -200.45308 143.16 1421.3563749999998 -157.12308 -200.45308 141.416 1421.3563749999998 -157.46308 -200.45308 140.847 1421.3563749999998 -159.10308 -200.45308 140.446 1421.3563749999998 -162.00308 -200.45308 138.411 1421.3563749999998 -166.06308 -200.45308 138.069 1421.3563749999998 -171.17308 -200.45308 137.743 1421.3563749999998 -177.17308 -200.45308 139.853 1421.3563749999998 -183.88308 -200.45308 138.44
1421.36575 -162.35912 -202.42912 144.64 1421.36575 -160.08912 -202.42912 143.701 1421.36575 -159.09912 -202.42912 141.675 1421.36575 -159.43912 -202.42912 141.379 1421.36575 -161.07912 -202.42912 141.11 1421.36575 -163.97912 -202.42912 139.382 1421.36575 -168.03912 -202.42912 137.768 1421.36575 -173.14912 -202.42912 137.587 1421.36575 -179.14912 -202.42912 140.101 1421.36575 -185.85912 -202.42912 138.628
1421.375125 -164.33513 -204.40513 144.454 1421.375125 -162.06513 -204.40513 143.787 1421.375125 -161.07513 -204.40513 142.213 1421.375125 -161.41513 -204.40513 141.219 1421.375125 -163.05513 -204.40513 141.087 1421.375125 -165.95513 -204.40513 139.962 1421.375125 -170.01513 -204.40513 137.999 1421.375125 -175.12513 -204.40513 137.702 1421.375125 -181.12513 -204.40513 140.456 1421.375125 -187.83513 -204.40513 137.929
1421.3845 -166.31112 -206.38112 144.956 1421.3845 -164.04112 -206.38112 144.574 1421.3845 -163.05112 -206.38112 142.342 1421.3845 -163.39112 -206.38112 141.481 1421.3845 -165.03112 -206.38112 140.544 1421.3845 -167.93112 -206.38112 140.378 1421.3845 -171.99112 -206.38112 138.202 1421.3845 -177.10112 -206.38112 138.497 1421.3845 -183.10112 -206.38112 140.653 1421.3845 -189.81112 -206.38112 138.695
1421.393875 -168.28708 -208.35708 145.002 1421.393875 -166.01708 -208.35708 143.873 1421.393875 -165.02708 -208.35708 142.222 1421.393875 -165.36708 -208.35708 141.698 1421.393875 -167.00708 -208.35708 141.319 1421.393875 -169.90708 -208.35708 140.243 1421.393875 -173.96708 -208.35708 138.221 1421.393875 -179.07708 -208.35708 139.011 1421.393875 -185.07708 -208.35708 141.211 1421.393875 -191.78708 -208.35708 139.005

